min,212.167309301,212.167309301,358.98,307.813,429.636,206.046,136.951,213.173,294.925,250.85,308.373,146.5,560.4025,494.125,254.0,479.613,188.09,341.8091,438.863,148.67,255.89,283.556,173.095,199.9,188.09,188.09,238.9,239.3725,238.55,240.79,1058.354,366.4917,589.3355,228.0,188.09,401.606,362.27,180.47727,887.63644,221.71727,213.6,508.4375,475.223,150.9961,150.9961,616.963,214.706,558.043424419,774.4925,576.3425,326.7105,757.625,368.69,534.4025,441.1625,276.15,186.9,201.09,159.5,146.85,539.6455,159.64,176.77,133.99,292.572,362.7075,147.2,298.18,172.15,173.6725,149.09,145.8,149.09,188.09,146.5,268.19,199.55,214.79,186.9,149.09,149.09,272.803,404.1855,258.403,200.2675,241.49,594.946,271.613,214.3,224.15,160.2,283.5,241.0,241.0,147.2,147.2,215.49,215.49,173.2,349.823
max,212.167309301,212.167309301,358.98,307.813,429.636,206.046,136.951,213.173,294.925,250.85,308.373,146.5,560.4025,494.125,254.0,479.613,188.09,341.8091,438.863,148.67,255.89,283.556,173.095,199.9,188.09,188.09,238.9,239.3725,238.55,240.79,1058.354,366.4917,589.3355,228.0,188.09,401.606,362.27,180.47727,887.63644,221.71727,213.6,508.4375,475.223,150.9961,150.9961,616.963,214.706,558.043424419,774.4925,576.3425,326.7105,757.625,368.69,534.4025,441.1625,276.15,186.9,201.09,159.5,146.85,539.6455,159.64,176.77,133.99,292.572,362.7075,147.2,298.18,172.15,173.6725,149.09,145.8,149.09,188.09,146.5,268.19,199.55,214.79,186.9,149.09,149.09,272.803,404.1855,258.403,200.2675,241.49,594.946,271.613,214.3,224.15,160.2,283.5,241.0,241.0,147.2,147.2,215.49,215.49,173.2,349.823
covariance,358.98,358.98,827.441748174,668.702095,908.357845,431.9451,286.065,471.765335977,639.4672743,519.3,640.75575,314.56727,1201.3542625,1058.588025,530.346,1026.3997125,397.726,702.293,939.5932125,324.335189,530.563,594.6241,367.1091,426.511,397.726,397.943,505.236,505.803,504.1195,505.453,2244.18265625,769.11077,1259.37235,482.443,399.8491,863.6775498,771.44135,362.76,1864.01355472,455.302685,457.2455,1111.36314591,974.8991,299.8,299.8,1303.67035,465.089035,1128.3791,1644.132089,1227.959214,699.91016565,1637.807625,799.049895,1146.89095,938.9994375,601.0091675,398.53625,426.0091,343.796,305.6065,1151.71465,338.826,382.936359,281.753,586.033,749.825,300.99,622.091,370.262775,369.2091,302.39,302.39,305.68,399.8491,315.459,570.016,426.5495,456.9991,403.54727,304.14,305.68,560.12955,868.413089,539.40337,427.29325,518.676,1267.6685323,556.163,445.013,487.1396675,335.753,592.1321,516.8021,516.8021,307.22,307.22,442.78,442.78,366.743,757.4584513
durbinWatson,307.813,307.813,668.702095,608.701561047,778.67815125,368.53232,246.6495,403.704935,537.74052,440.85,551.995,266.68325,1028.753495,906.54535,453.01075,890.500459,337.6975,600.0425,814.220459,276.5676,453.1525,506.723,315.2155,363.648,337.6975,340.12825,431.41075,430.135,433.2255,431.5525,1926.0104,655.33675,1079.2826,413.419775,341.3655,741.1462,661.93151475,309.6855,1599.62347,388.5821,388.234025,938.318555,833.329,256.15,256.15,1116.25281875,398.952089,966.732525,1399.95127,1048.230395,593.369755,1411.22789,691.2948,982.342245,805.50527,522.6431,337.70681875,362.10625,295.0678425,264.7355,974.439843176,287.0425,326.51035,239.6075,504.54775,643.41225,256.15,534.6403425,317.3211,313.77875,257.6725,255.1,261.6625,341.3655,270.35125,487.0375,366.5705,388.47325,341.28325,260.3955,261.6625,480.181525,743.384359,457.237,366.6125,440.2675,1076.02935,473.93,379.34,417.8135,284.785,504.55125,440.45125,440.45125,261.785,261.785,377.5725,377.5725,311.285,642.6733
lag1,429.636,429.636,908.357845,778.67815125,1156.50276691,499.6161,326.993,530.4737,743.70350125,616.4,759.45,359.49,1397.80725,1222.2795,618.423,1177.1111,464.436,825.599,1079.3611,362.843,624.086,690.2861,426.4461,497.21453125,464.436,464.786,587.123,589.79875,586.773,592.786,2624.831025,883.57375,1457.05845,553.03,465.8591,995.10325,895.241,434.466,2170.75395,539.35753125,534.189125,1274.40697188,1143.9491,355.15,355.15,1539.39935125,526.7511,1304.7261,1927.965775,1427.68625,803.17271625,1895.5141,918.1361,1331.3172625,1092.9845,691.3361,466.837,496.303,393.52,357.95,1354.13616875,394.353,431.386,326.09,686.84,885.49,356.34,719.47,425.548,429.1411,356.34,359.49,357.04,465.8591,360.673,669.2565,490.29,529.836,460.635,362.92,357.04,656.275,1004.17748125,626.7306,493.512275,599.6425,1457.5359375,656.086,519.973,560.0111,391.623,684.5461,589.9461,589.9461,358.09,358.09,518.44,518.44,425.023,857.4667
meanDeviation,206.046,206.046,431.9451,368.53232,499.6161,272.409038606,166.4947356,263.349508,352.10292,287.45,357.12225,173.47,665.96327,586.4405,297.523,563.6866,223.6591,393.893,515.5366,180.2152,299.896,332.32227,205.98727,236.613,223.6591,222.453,280.913,282.06625,280.563,283.286,1230.8175,427.25435625,698.52527,268.013,225.11027,474.668,427.113,203.603,1037.0473,253.636,254.903,610.0370425,548.59,167.8,167.8,724.99027,264.52340492,628.4361,910.4502,682.58195,399.10577825,901.66277,438.3141,636.48827,521.1611,331.13227,222.705,239.021,189.87,170.25,639.21659,189.436,211.1322,157.07,329.21,416.2,168.99,346.73,204.6355,208.371295,171.09,167.1,172.28,225.11027,175.0961,317.493,236.62,255.043,223.51,174.0811,172.28,313.51,480.3065,299.07,237.215,290.5891,703.0675,311.963,249.023,269.74977,187.413,337.11727,290.36027,290.36027,170.88,170.88,250.78,250.78,203.813,416.59727
product,136.951,136.951,286.065,246.6495,326.993,166.4947356,125.234001161,178.425589,229.9526,190.7,238.68,117.4025,443.5935,391.4165,198.89,383.366,147.4025,261.375,350.566,123.963303146,198.54,220.7961,139.5361,157.63,147.4025,148.33,189.38,189.03,189.73,189.03,830.66,286.6586,467.4666,182.663,149.7461,319.873,286.94,133.974775,690.6833,166.818,168.33,402.9005,365.4,113.5,113.5,483.6866,180.9964356,419.733,602.64675,451.10675,261.617173146,605.4291,297.171,423.2435,349.3711,224.9261,146.93,157.4025,128.33,115.25,421.04235,127.054775,142.8093,106.33325,220.5315,277.945,113.5,233.02,138.82,138.3461,114.095,111.4,116.475,149.7461,119.7461,210.2025,159.5025,168.8025,148.8025,113.15,116.475,209.464,318.63925,200.7415,161.193,190.6925,464.283,208.19,168.19,181.4086,125.53,226.3261,196.6691,196.6691,115.53,115.53,168.085,168.085,136.93,279.6161
weightedMean,213.173,213.173,471.765335977,403.704935,530.4737,263.349508,178.425589,306.760603954,373.245175,306.45,380.67,187.954775,715.942745,630.836,317.4295,623.959289,236.9255,418.543,569.736289,195.36277,316.663,358.9341,221.1691,255.288,236.9255,238.098,302.6195,301.853,303.386,301.853,1342.229125,460.628775,755.9687,290.368,239.7591,514.7186,463.864,213.3025,1107.98337,269.446685,273.143,653.46157,579.67,178.1,178.1,777.3476,290.5531473,676.0626,964.6422,725.12695,416.27343,980.1023,481.857089,683.85087,559.8171,366.7132,236.32,253.46625,207.078,183.273,675.9576,202.8255,230.13248975,168.1025,346.325,443.095,179.29,371.978,225.94527,220.4691,180.34,177.4,182.93,239.7591,190.4025,339.7155,256.9155,272.75625,240.644775,179.64,182.93,331.1475,515.2597,317.86,256.24,309.3955,746.40705,331.613,266.913,295.5277,201.163,359.4556,314.8786,314.8786,183.63,183.63,266.22,266.22,220.453,452.36815
autoCorrelation,294.925,294.925,639.4672743,537.74052,743.70350125,352.10292,229.9526,373.245175,550.497388406,430.103,522.38,248.93,959.241565625,842.553,428.423,817.6816,321.013,569.313,749.2316,257.03327,431.573,480.37227,296.63727,346.4591,321.013,321.363,406.213,408.313,406.213,409.363,1801.129375,613.3361,1007.69777,384.213,323.18727,689.16802,616.41925,297.865,1496.18731,377.884089,368.61625,890.6834995,793.891,244.1,244.1,1048.9017075,379.1033623,911.526089,1318.810775,981.401275,571.39412056,1303.23527,637.7791,915.151375,753.895875,480.12727,319.6939375,347.1661,273.87,245.5,940.1362965,278.1491,300.826,225.53,474.243,605.69,246.69,496.53,297.403,298.98227,247.39,248.79,247.18,323.18727,250.6961,459.453,339.03,367.113,319.13,250.33,247.18,448.68,693.75827,437.12337,341.62,415.103,1009.8096245,455.8361,361.023,389.18727,272.463,482.186089,413.42727,413.42727,247.53,247.53,360.19,360.19,295.863,603.28025691
binarySearchFromTo,250.85,250.85,519.3,440.85,616.4,287.45,190.7,306.45,430.103,468.052182857,442.95,211.1,803.48625,711.05,366.6,690.3,270.55,483.89,636.135,211.8,366.25,407.05,251.55,289.2,270.55,270.55,348.3,348.3,347.95,347.95,1534.385,519.79,847.48,327.2,270.55,579.94,518.95,257.092775,1255.72,313.52,307.5,732.94975,680.54,214.39,214.39,884.815,313.303,792.403,1110.46125,823.125,459.85,1093.6225,539.0175,765.48625,633.18625,403.9,267.4,292.63,232.2,211.45,774.98,239.22975,250.99,192.1,415.52,542.03474,217.68,425.28,251.2,251.9,216.98,216.245,214.88,270.55,211.1,384.9,287.45,308.55,267.4,213.55,214.88,386.09,573.85,368.245,287.8,345.85,847.83,392.32,314.08,327.55,238.57,407.68,346.9,346.9,217.47,217.47,308.9,308.9,257.57,505.83
quantile,308.373,308.373,640.75575,551.995,759.45,357.12225,238.68,380.67,522.38,442.95,591.359172714,260.57575,1000.158775,886.28,449.67,861.481,335.353025,592.9725,788.281,259.895,451.789775,496.265,310.375,355.675,335.353025,334.0925,425.48,425.12575625,426.775,427.599775,1886.095,642.2555,1052.94125,400.9225,334.899775,711.938,640.4775,310.906475,1550.489525,382.7861,378.92,896.2425,831.446,257.55,257.55,1097.27875,381.37,938.81075,1390.08407,1026.6068,569.3075,1366.475,670.48275,952.758775,785.851125,506.9295,329.84,357.75575,284.3125,262.485,951.11325,283.900375,307.785,236.87575,498.57325,641.475525,258.74,523.808,310.865,308.48075625,259.9125,265.4761,259.4225,334.899775,260.1225,477.051125,357.081125,381.24575,331.22075,263.309775,259.4225,480.482,713.27325,453.1525,358.0305,429.698025,1041.83325625,473.51,377.03,407.5530925,282.685,497.1925,425.8125,425.8125,258.495,258.495,377.5025,377.5025,306.385,615.9025
sumOfLogarithms,146.5,146.5,314.56727,266.68325,359.49,173.47,117.4025,187.954775,248.93,211.1,260.57575,148.279066993,507.589397,456.6608833,230.723359,432.032785759,175.3203403,297.766359,392.128080609,130.87,227.79647,248.02337,158.64444,184.4434513,175.3203403,173.5021813,220.8426023,217.833359,219.33798065,217.833359,912.06154,338.754895551,530.050368,210.956359,171.943359,349.313,324.9834513,146.64,753.563,181.04,198.3427946,436.06,418.17867,131.2452,131.2452,549.781388,187.72325,462.673,681.008658,514.925408,276.81,684.644783,331.344895,485.414397,400.132319,254.298305609,173.0934513,185.829816,148.41647,135.5899145,469.631518,139.063,154.9861,127.953348,244.013,312.393,132.4352,266.2284,164.120516009,157.94444,133.1352,123.59,137.420908,171.943359,140.5526023,246.4373326,191.320779905,200.2791626,184.88291026,131.2452,137.420908,235.393,368.709258,228.49647,185.13453855,224.0873326,519.2443,238.09647,195.28647,209.255302163,148.544108,256.81054,225.752459,225.752459,137.544108,137.544108,192.90647,192.90647,162.7934513,314.7343
kurtosis,560.4025,560.4025,1201.3542625,1028.753495,1397.80725,665.96327,443.5935,715.942745,959.241565625,803.48625,1000.158775,507.589397,1997.54929348,1726.9140549,850.88794,1633.51530275,642.168965168,1125.02070923,1485.07413867,493.75977,853.106079,938.366982,587.855707478,691.801108663,642.168965168,639.8149863,806.621718,810.8814546,805.099218,808.9222113,3510.109869,1254.49698955,2017.24632337,776.9465403,641.942857605,1337.66535,1219.1824253,558.075,2888.86745,697.187565594,744.398485841,1684.51388656,1567.829879,481.0904,481.0904,2083.83730936,712.57585,1757.126,2620.43841716,1977.13526716,1064.72841563,2676.87910195,1267.31056972,1903.28525591,1547.46382938,955.7372916,651.6777421,680.0749046,547.64094,494.95544,1802.03963751,518.6825,583.53435,457.774009,925.06867565,1183.5926795,482.4904,1001.4949,596.20989491,590.216735902,490.9065,466.9,499.81498,641.942857605,509.2735403,922.63358845,698.005994,740.71471145,659.7503829,491.5198813,499.81498,882.4865,1411.51128626,853.31204,696.04760225,840.893821079,1989.687,885.873079,713.30294,774.8717193,538.12528,952.299348,831.1055403,831.1055403,496.12528,496.12528,715.62904,715.62904,589.259258,1183.0644
pooledMean,494.125,494.125,1058.588025,906.54535,1222.2795,586.4405,391.4165,630.836,842.553,711.05,886.28,456.6608833,1726.9140549,1608.37249835,761.62969,1452.70922307,573.319917911,997.366837808,1319.50316508,435.3885,757.71474015,828.58328,525.955799,614.477235619,573.319917911,573.062610506,721.663468,723.64364522,720.508468,717.859696455,3076.15898,1117.325221,1793.19364491,689.503968,568.459696455,1179.09,1081.0096121,493.6875,2551.5485,611.348,665.493002145,1478.744,1389.86604015,427.1404,427.1404,1847.14410491,629.786,1561.251275,2326.93898776,1759.80098776,939.2876,2362.51647938,1127.19895633,1652.9140549,1355.05438802,855.120230825,579.70689091,606.5050431,487.81419,445.23169,1607.03610606,463.0386,513.82825,422.40676368,827.7040625,1054.8109475,429.7304,893.6271,531.90725591,523.67438,439.5689,410.5,447.573848,568.459696455,453.167968,824.95039012,630.1076466,665.820220758,594.38331281,433.7379,447.573848,793.4205,1261.50173376,759.05719,625.148144263,750.468562821,1766.99725,785.84224015,634.48594,694.636886,481.5802756,848.50913,740.132968,740.132968,442.356748,442.356748,638.59144,638.59144,527.15425591,1051.63465
add,254.0,254.0,530.346,453.01075,618.423,297.523,198.89,317.4295,428.423,366.6,449.67,230.723359,850.88794,761.62969,428.276301014,725.607629,287.72947,511.97918,659.7668145,219.99,415.653670031,419.7221,271.647637,307.70947,287.72947,291.93374,383.431671944,371.46384,375.898933327,371.46384,1557.43537,559.731559,893.65697,357.40374,291.10074,597.713,547.53247,251.935,1296.872125,311.28,329.59074,745.303,730.16587,223.7252,223.7252,929.66057,319.358,800.7351,1156.32917,868.52917,471.89,1156.67969,561.9282375,812.88794,675.02987,425.747952,287.17647,306.4382,253.10074,233.712833327,794.60947,237.268,259.313,207.3152,428.9222,542.442,226.8052,461.00674,268.7929145,269.0514,232.3884,212.99,233.0884,291.10074,235.3634546,409.33574,313.651183977,329.99947,292.984629,227.4184,233.0884,408.119,615.36294,393.03774,308.27647,370.39074,894.19674,411.823729,337.503729,347.3668145,246.8482,447.35467,385.19301,385.19301,226.3152,226.3152,342.8285513,342.8285513,269.21947,539.93974
cosineDistance,479.613,479.613,1026.3997125,890.500459,1177.1111,563.6866,383.366,623.959289,817.6816,690.3,861.481,432.032785759,1633.51530275,1452.70922307,725.607629,1497.21612875,538.603618,951.301278,1333.24044575,423.03477,720.09074,802.454828,501.377008,582.143836,538.603618,540.055278,690.0745213,684.475278,692.5237646,684.475278,3083.506079,1062.95654465,1707.3070916,662.2894546,541.7895546,1143.6601,1052.116988,475.1575,2472.56397,591.96,622.497136,1430.79637,1324.30914,413.6582,413.6582,1760.1780026,620.1112,1524.1981,2202.71606482,1650.93418982,899.4935,2244.29178702,1097.92004274,1560.57905275,1281.49132997,841.280684315,540.530158,573.12694,467.88074,425.491518,1509.2717326,446.7805,500.613875,384.63664,786.359,1009.576,410.9352,848.9898,517.801726406,497.527008,414.7152,400.2,420.32444,541.7895546,434.17334591,774.036136,594.8369206,621.909458,553.865303759,410.9352,420.32444,752.529,1172.27542282,721.35774,587.141388,702.316136,1680.1485,756.79074,609.01074,673.597678189,456.93064,809.476108,708.5346546,708.5346546,419.39764,419.39764,606.35774,606.35774,501.364618,1011.7246
manhattanDistance,188.09,188.09,397.726,337.6975,464.436,223.6591,147.4025,236.9255,321.013,270.55,335.353025,175.3203403,642.168965168,573.319917911,287.72947,538.603618,230.095087487,382.63934261,490.562359,163.87,292.39635691,313.25637,199.17744,234.249520827,230.095087487,222.085673269,274.766359,275.802980532,274.066359,279.613601827,1153.91479,415.599327937,670.58661222,261.466359,221.723601827,442.155,412.766946569,189.42,958.699,235.053,252.468959095,556.8815,529.0643813,164.2452,164.2452,696.79660722,238.3255,583.793,867.856170055,653.897145055,351.3825,861.8739003,416.24212,613.993965168,503.16326515,317.209109,216.685721455,234.1668756,185.11647,167.82647,599.788259455,177.5361,193.76,157.953348,307.223,393.953,166.6252,332.4384,204.19712691,199.63069,167.3252,158.69,170.420908,221.723601827,171.943359,315.098478189,235.3873326,254.133837879,221.970779905,168.1582,170.420908,295.603,464.515268455,286.40647,231.28778855,291.723331238,653.314725,304.8151813,244.81947,260.345428,186.7676356,320.97044,280.212359,280.212359,170.544108,170.544108,242.09647,242.09647,204.07462691,392.5712
chebyshevDistance,341.8091,341.8091,702.293,600.0425,825.599,393.893,261.375,418.543,569.313,483.89,592.9725,297.766359,1125.02070923,997.366837808,511.97918,951.301278,382.63934261,713.934902979,866.545189,289.77,518.4891646,556.11927,349.33389,405.2717023,382.63934261,388.47943491,484.133729,485.778723802,483.066229,490.78371591,2058.921359,732.613017,1181.66578511,463.793629,387.12061591,790.32,727.26816161,334.2925,1719.439408,417.416,436.84479295,993.8725,948.2649246,294.134108,294.134108,1226.67361261,420.643,1057.6611,1519.22714073,1141.91714073,625.167275,1522.3211113,732.57877,1075.02070923,887.60215388,554.137689,376.69753065,402.18044,326.22074,295.25324,1057.7936888,309.6355,344.25,268.02444,551.24027,704.862,292.9284,598.330618,348.949359,349.82564,298.24084,282.49,301.75008,387.12061591,302.047629,547.35008061,406.410778,439.38816161,381.92944965,294.1184,301.75008,522.806,812.621405228,512.044518,405.357859,493.75126161,1174.09899,551.446709303,434.82801,450.865189,322.48064,569.86664,497.918829,497.918829,295.94764,295.94764,431.583629,431.583629,353.370629,704.05974
tanimotoDistance,438.863,438.863,939.5932125,814.220459,1079.3611,515.5366,350.566,569.736289,749.2316,636.135,788.281,392.128080609,1485.07413867,1319.50316508,659.7668145,1333.24044575,490.562359,866.545189,1230.58832321,386.88477,655.36337,733.438874,457.525189,528.474518,490.562359,491.477189,628.58681065,624.142189,629.8814323,624.142189,2784.923009,963.607255197,1555.86090645,601.0883623,493.2564623,1046.4536,954.193459,436.1575,2257.32137,542.07,563.814618,1309.86637,1203.77257,379.1252,379.1252,1603.4668213,566.9312,1394.2616,2010.17312691,1503.25125191,822.5935,2042.27152935,1005.88299525,1418.13788867,1166.18453114,765.289157095,490.314629,523.60767,425.58837,385.617259,1376.6435513,410.0805,456.857375,351.06237,720.314,924.691,377.0091,771.8164,469.877494579,454.375189,379.2491,366.5,383.99027,493.2564623,393.806807955,702.303618,536.3775103,564.398929,499.969339609,375.4691,383.99027,689.134,1063.55435591,655.82537,532.849994,636.583618,1530.06225,690.94637,556.01337,612.471875579,420.08637,735.494739,642.0190123,642.0190123,385.55337,385.55337,551.33037,551.33037,459.053359,919.13835
sum,148.67,148.67,324.335189,276.5676,362.843,180.2152,123.963303146,195.36277,257.03327,211.8,259.895,130.87,493.75977,435.3885,219.99,423.03477,163.87,289.77,386.88477,152.917320128,219.29,244.146,153.941,174.03,163.87,164.78,210.18,209.48,209.83,209.48,913.915,317.0585,519.5915,203.793,166.446,364.060908,319.806,150.0861,779.388408,185.786,186.78,457.306008,405.356,124.5,124.5,535.939,195.2045,469.043,666.94395,502.69645,297.860224419,670.9565,329.10227,471.58477,387.0485,246.841,162.68,174.87,144.103,126.95,473.1072,144.2822,164.1253,118.603,248.5791,308.97,124.5,260.683,152.5025,153.346,125.69,122.4,128.77,166.446,133.446,234.07,177.32,187.97,165.97,124.5,128.77,233.293,357.0452,225.86027,177.21325,213.05,522.05144,229.59,185.59,200.7585,138.58,247.646,217.236,217.236,127.58,127.58,184.19,184.19,151.68,316.15327
dec,255.89,255.89,530.563,453.1525,624.086,299.896,198.54,316.663,431.573,366.25,451.789775,227.79647,853.106079,757.71474015,415.653670031,720.09074,292.39635691,518.4891646,655.36337,219.29,424.496301014,419.7221,267.9839,309.236359,292.39635691,293.8964546,371.46384,373.186433327,370.39634,379.651671944,1554.84362,557.35584125,894.7429563,354.68074,299.288571944,597.055,548.5951813,253.23,1295.1146,315.403,332.2310735,750.2415,734.6515813,223.0252,223.0252,930.3172813,318.763,792.816,1159.53892008,871.353920075,473.7625,1151.421829,556.3446,815.106079,674.6761845,421.53587,287.9399145,306.4382,250.37774,228.21024,800.942620075,235.973,258.97,205.9152,421.3461,537.479,226.1052,456.39374,266.97947,268.935137,230.4984,214.39,231.1984,299.288571944,230.67774,413.0164513,309.88024,332.5951813,291.1711845,229.814108,231.1984,398.55,618.819534575,391.35774,308.37972,375.65262691,889.9095375,415.6094403,336.803729,343.66337,246.1482,443.6404,381.47874,381.47874,225.6152,225.6152,340.9385513,340.9385513,268.51947,534.20247
errorRate,283.556,283.556,594.6241,506.723,690.2861,332.32227,220.7961,358.9341,480.37227,407.05,496.265,248.02337,938.366982,828.58328,419.7221,802.454828,313.25637,556.11927,733.438874,244.146,419.7221,522.373551647,291.91908361,338.88526,313.25637,312.88327,397.58327,397.23327,397.23327,397.58327,1751.34228308,615.5166556,988.61702492,380.889089,315.85908361,660.716,603.61637,278.74,1433.5251,347.025,362.12064,833.3241,775.9283,244.0851,244.0851,1025.03347492,356.96227,889.1141,1268.974518,954.460143,527.1161,1270.80245292,620.213874,896.686357,737.9314446,475.619894337,316.5311345,336.233359,269.0891,242.0691,882.23410492,261.163,287.903,224.43337,456.323,595.330505,242.4191,491.995,292.876955,292.808721068,244.3091,234.045,246.95027,315.85908361,249.9602623,448.22064,338.18764,360.58064,317.88764,242.50037,246.95027,436.793,680.8082925,417.9441,336.83104,406.71064,972.1698,443.7881,355.5321,387.706449837,273.19754,476.76528361,411.78218361,411.78218361,250.66454,250.66454,354.8622,354.8622,296.78754,582.85927
scale,173.095,173.095,367.1091,315.2155,426.4461,205.98727,139.5361,221.1691,296.63727,251.55,310.375,158.64444,587.855707478,525.955799,271.647637,501.377008,199.17744,349.33389,457.525189,153.941,267.9839,291.91908361,202.598914187,211.12744,199.17744,202.01314,259.566877,255.90314,261.011348,255.90314,1071.9816,382.8996356,620.525453349,246.136608,205.24660492,412.393,378.30994,174.18,895.96035,213.39,225.52744,514.4491,486.4244,153.5952,153.5952,646.092272349,223.67727,548.5341,799.20974465,600.23724465,324.5811,805.227682966,394.601548477,561.855707477,469.730847484,298.89808361,196.59444,212.87744,174.7509,161.889108,549.980542378,165.303,179.563,145.0438995,291.89288975,369.790275,155.9752,312.697475,186.17744,190.84660492,159.023175,146.29,161.132415,205.24660492,163.9901356,281.51744,215.58994,226.57744,199.04444,156.5709,161.132415,279.31055,424.07974465,267.903925,214.133359,254.46744,608.5232,279.1982,227.6882,242.61408361,171.42744,304.50660492,264.31660492,264.31660492,156.89444,156.89444,227.313175,227.313175,185.82744,368.87497
eucleadianDistance,199.9,199.9,426.511,363.648,497.21453125,236.613,157.63,255.288,346.4591,289.2,355.675,184.4434513,691.801108663,614.477235619,307.70947,582.143836,234.249520827,405.2717023,528.474518,174.03,309.236359,338.88526,211.12744,269.165522722,234.249520827,233.000601827,290.176359,290.63098065,289.826359,291.7856023,1248.7720415,455.062838,716.6017613,277.766359,231.0856023,471.6265,437.885770827,199.69,1022.138,255.286089,275.928074754,600.0683425,571.072929,174.5452,174.5452,744.5721988,255.393,625.893,922.87741515,695.76866515,379.6161,930.68787891,447.84488,660.992407911,541.229379455,342.629518,236.638496955,246.2176356,196.41647,177.77647,639.68749015,187.9961,205.92,166.194108,327.656,420.743,176.4352,357.2804,219.30151591,211.12744,178.8152,167.1,181.910908,231.0856023,182.243359,338.178058737,254.0266326,273.705058737,239.218902755,176.4352,181.910908,312.32,507.622235618,304.49647,251.4415543,305.000058737,701.07145,321.856359,259.62947,278.302629,199.1176356,346.03044,299.892359,299.892359,181.894108,181.894108,259.77647,259.77647,217.42462691,422.1132
distance1,188.09,188.09,397.726,337.6975,464.436,223.6591,147.4025,236.9255,321.013,270.55,335.353025,175.3203403,642.168965168,573.319917911,287.72947,538.603618,230.095087487,382.63934261,490.562359,163.87,292.39635691,313.25637,199.17744,234.249520827,230.095087487,222.085673269,274.766359,275.802980532,274.066359,279.613601827,1153.91479,415.599327937,670.58661222,261.466359,221.723601827,442.155,412.766946569,189.42,958.699,235.053,252.468959095,556.8815,529.0643813,164.2452,164.2452,696.79660722,238.3255,583.793,867.856170055,653.897145055,351.3825,861.8739003,416.24212,613.993965168,503.16326515,317.209109,216.685721455,234.1668756,185.11647,167.82647,599.788259455,177.5361,193.76,157.953348,307.223,393.953,166.6252,332.4384,204.19712691,199.63069,167.3252,158.69,170.420908,221.723601827,171.943359,315.098478189,235.3873326,254.133837879,221.970779905,168.1582,170.420908,295.603,464.515268455,286.40647,231.28778855,291.723331238,653.314725,304.8151813,244.81947,260.345428,186.7676356,320.97044,280.212359,280.212359,170.544108,170.544108,242.09647,242.09647,204.07462691,392.5712
distanceInf,188.09,188.09,397.943,340.12825,464.786,222.453,148.33,238.098,321.363,270.55,334.0925,173.5021813,639.8149863,573.062610506,291.93374,540.055278,222.085673269,388.47943491,491.477189,164.78,293.8964546,312.88327,202.01314,233.000601827,222.085673269,232.895087487,279.670629,278.935781302,278.100879,281.77334591,1153.65362,412.403334,672.49074011,267.274518,223.88334591,448.0,417.558450011,188.23,966.1785,234.703,252.043145595,560.0315,531.1643813,164.2452,164.2452,696.85534261,240.198,592.4121,859.317298228,648.473798228,351.57325,870.182902488,417.88152,611.8149863,507.33464565,317.490439,215.845626955,234.0505356,190.224629,170.46099,599.062980532,177.0461,195.86,155.230908,310.8091,397.166,166.6252,338.21074,203.18835691,202.01314,168.6384,158.69,172.434108,223.88334591,177.051518,315.214371321,233.9467046,255.460520463,220.466900255,168.6384,172.434108,296.583,462.282012727,290.61074,231.9154313,284.619594579,664.522859,306.2151813,246.21947,258.587189,185.4544356,325.79288,286.720518,286.720518,169.230908,169.230908,244.27774,244.27774,203.29335691,401.459359
ebeAdd,238.9,238.9,505.236,431.41075,587.123,280.913,189.38,302.6195,406.213,348.3,425.48,220.8426023,806.621718,721.663468,383.431671944,690.0745213,274.766359,484.133729,628.58681065,210.18,371.46384,397.58327,259.566877,290.176359,274.766359,279.670629,377.353021479,364.953488295,369.548657793,364.953488295,1476.45537,523.9878023,847.496959,340.950629,278.837629,570.303,521.779359,239.635,1229.562125,295.28,311.875278,707.093,673.88167,211.5352,211.5352,882.158629,305.248,758.6351,1092.436059,820.336059,445.37,1100.913468,535.5894075,770.621718,641.815999,405.86794815,270.643359,292.35744,241.31074,221.522833327,753.056359,226.458,248.413,197.53444,402.9522,511.886,215.1052,432.58074,256.87098065,256.97064,217.1184,203.88,219.92764,278.837629,226.24034591,388.320278,297.001399532,312.166359,277.3515213,214.5284,219.92764,386.019,580.169829,369.55774,291.443359,351.375278,843.54674,388.73374,319.24674,330.78681065,235.06744,415.38791,363.987899,363.987899,215.53444,215.53444,313.94774,313.94774,257.256359,510.08974
ebeDivide,239.3725,239.3725,505.803,430.135,589.79875,282.06625,189.03,301.853,408.313,348.3,425.12575625,217.833359,810.8814546,723.64364522,371.46384,684.475278,275.802980532,485.778723802,624.142189,209.48,373.186433327,397.23327,255.90314,290.63098065,275.802980532,278.935781302,364.953488295,373.573021479,363.885988295,366.836157793,1475.08337,523.855244,848.277298228,338.227629,280.632961763,569.05,520.265098227,239.5125,1222.668525,297.219,314.63914295,711.916,675.384820075,210.8352,210.8352,879.821868228,304.653,750.716,1094.20979761,822.44229761,447.96,1100.8367046,530.00577,774.8814546,644.5824823,401.614689,272.9526023,291.28994,238.58774,216.02024,760.02707261,225.163,247.475,196.13444,395.0261,506.923,214.4052,427.61774,255.016359,259.366348,215.2284,204.58,218.03764,280.632961763,221.414629,388.829017227,293.164778,312.185098227,276.6515213,214.412137,218.03764,376.1,586.09493161,367.17774,293.116359,353.601899532,843.75674,389.886890075,318.54674,327.042189,234.36744,411.67364,360.273629,360.273629,214.83444,214.83444,312.05774,312.05774,256.556359,504.00247
ebeMultiply,238.55,238.55,504.1195,433.2255,586.773,280.563,189.73,303.386,406.213,347.95,426.775,219.33798065,805.099218,720.508468,375.898933327,692.5237646,274.066359,483.066229,629.8814323,209.83,370.39634,397.23327,261.011348,289.826359,274.066359,278.100879,369.548657793,363.885988295,375.218021479,363.885988295,1476.33287,522.48318065,846.238709,339.380879,277.770129,568.4865,519.859609,239.88,1227.34575,295.28,311.525278,707.443,673.53167,211.1852,211.1852,881.477879,305.843,754.199025,1092.068559,819.286059,445.02,1099.513468,536.67782,769.099218,639.925999,408.5834823,270.293359,291.41244,239.74099,226.920571944,752.356359,226.703,247.6465,196.83444,398.215125,508.54875,214.7552,429.59349,257.6756023,255.90314,216.0509,203.88,218.86014,277.770129,223.402781302,388.215278,300.112020827,311.221359,275.84689965,213.4609,218.86014,380.25975,579.119829,367.89524,291.443359,350.675278,838.6003125,388.38374,318.89674,330.6464323,234.71744,413.2204825,361.8204715,361.8204715,215.18444,215.18444,312.88024,312.88024,256.906359,506.5608125
ebeSubtract,240.79,240.79,505.453,431.5525,592.786,283.286,189.03,301.853,409.363,347.95,427.599775,217.833359,808.9222113,717.859696455,371.46384,684.475278,279.613601827,490.78371591,624.142189,209.48,379.651671944,397.58327,255.90314,291.7856023,279.613601827,281.77334591,364.953488295,366.836157793,363.885988295,373.573021479,1473.86362,521.52973025,848.72294761,338.227629,287.234064386,569.645,522.98207261,240.93,1227.8046,299.403,314.63914295,712.0315,678.3673813,210.8352,210.8352,882.95534261,304.653,750.716,1095.70139823,823.216398228,447.2425,1095.7379613,530.00577,772.9222113,641.50349065,401.614689,271.44798065,292.35744,238.58774,216.02024,759.445098227,225.163,248.07,196.13444,395.3761,506.923,214.4052,427.96774,255.016359,256.854377,215.2284,205.28,218.03764,287.234064386,221.414629,392.14099161,293.164778,314.90207261,275.49689965,216.924108,218.03764,376.45,583.682012727,367.87774,291.546609,356.817520827,839.2595375,392.5194513,318.54674,327.042189,234.36744,411.67364,360.273629,360.273629,214.83444,214.83444,312.05774,312.05774,256.556359,504.35247
safeNorm,1058.354,1058.354,2244.18265625,1926.0104,2624.831025,1230.8175,830.66,1342.229125,1801.129375,1534.385,1886.095,912.06154,3510.109869,3076.15898,1557.43537,3083.506079,1153.91479,2058.921359,2784.923009,913.915,1554.84362,1751.34228308,1071.9816,1248.7720415,1153.91479,1153.65362,1476.45537,1475.08337,1476.33287,1473.86362,7412.72742237,2259.14632,3659.65959,1407.61337,1156.10362,2487.19501,2307.35842887,1051.0425,5396.08611225,1305.921875,1325.127705,3143.029885,2867.05699,903.42837,903.42837,3814.568315,1330.5225,3301.178,4784.31561935,3569.57499747,1981.639375,4758.925258,2328.31137,3340.243369,2740.357229,1758.353359,1159.65899,1232.4247,998.90537,904.43287,3293.28074,977.57,1077.84655,825.0572,1711.108,2214.803,895.1522,1823.20349,1081.970859,1069.4091,897.9872,889.59,903.5872,1156.10362,914.25037,1656.8855175,1247.38958,1323.76099,1163.55708,894.5516,903.5872,1639.585,2516.72956841,1561.18037,1251.105705,1494.29333,3634.15747,1640.838609,1310.59154,1418.64404,988.1078,1747.31158,1504.878688,1504.878688,908.1078,908.1078,1318.117688,1318.117688,1075.52521,2161.36947
entropy,366.4917,366.4917,769.11077,655.33675,883.57375,427.25435625,286.6586,460.628775,613.3361,519.79,642.2555,338.754895551,1254.49698955,1117.325221,559.731559,1062.95654465,415.599327937,732.613017,963.607255197,317.0585,557.35584125,615.5166556,382.8996356,455.062838,415.599327937,412.403334,523.9878023,523.855244,522.48318065,521.52973025,2259.14632,875.485083159,1305.96066751,507.3603813,414.77972816,855.521,787.687804,357.4575,1857.799725,445.559,483.040458,1076.4315,1043.9586423,328.303703109,328.303703109,1344.43354751,458.64235,1152.04974,1682.83682955,1271.54120455,683.6286,1693.11887981,813.357741,1199.73573955,984.49500951,622.414894492,423.916969,440.846748,355.98167,324.4251145,1156.00060251,334.465,374.6166,300.74778,599.242,766.5221,319.5036,655.0778,390.846889302,383.4561356,326.0136,299.8,330.71284,414.77972816,333.885801827,598.073911,460.2487593,487.0477333,438.286171665,318.128275,330.71284,571.3355,915.2245383,555.20167,455.17529125,544.051045937,1285.67625,584.091061,471.820578,506.926753046,356.27924,631.4517356,544.70765691,544.70765691,329.27924,329.27924,471.46467,471.46467,388.336229,773.1998
g,589.3355,589.3355,1259.37235,1079.2826,1457.05845,698.52527,467.4666,755.9687,1007.69777,847.48,1052.94125,530.050368,2017.24632337,1793.19364491,893.65697,1707.3070916,670.58661222,1181.66578511,1555.86090645,519.5915,894.7429563,988.61702492,620.525453349,716.6017613,670.58661222,672.49074011,847.496959,848.277298228,846.238709,848.72294761,3659.65959,1305.96066751,2198.31330773,816.5939513,676.662788721,1410.40675,1281.81096816,587.2145,3042.26285,731.685,770.76209645,1768.1436,1656.86535484,503.1982,503.1982,2231.42765899,755.49004,1868.970225,2715.95120196,2045.76532696,1115.4846,2749.6909496,1325.99577586,1928.13507337,1586.8687547,1004.39849609,669.19871515,709.44548,576.08097,519.61572,1880.75537168,547.432,614.82775,477.533118,970.66277,1242.5671,506.0332,1053.036,623.215318,619.97067492,514.5193,491.45325,522.60164,676.662788721,535.42212691,963.225960829,728.304556355,773.62483472,682.3273093,510.7407,522.60164,933.917689,1458.93484346,895.65232,724.263224375,873.63093022,2083.96145,930.6229563,748.29747,816.994181137,564.13974,1002.39267492,876.707949837,876.707949837,518.60674,518.60674,749.75557,749.75557,617.676729,1247.27247
calculateAbsoluteDifferences,228.0,228.0,482.443,413.419775,553.03,268.013,182.663,290.368,384.213,327.2,400.9225,210.956359,776.9465403,689.503968,357.40374,662.2894546,261.466359,463.793629,601.0883623,203.793,354.68074,380.889089,246.136608,277.766359,261.466359,267.274518,340.950629,338.227629,339.380879,338.227629,1407.61337,507.3603813,816.5939513,351.092660202,267.7964513,549.123,502.012459,224.15,1178.8115,279.98,299.998278,680.363,660.17077,202.4252,202.4252,846.6992703,293.44555,726.58927,1040.9403813,786.8853813,427.103,1053.9716126,508.077339,742.9465403,616.2478213,385.9216123,260.766359,276.52444,236.65409161,208.77399,720.4951813,211.14,240.53,188.23444,379.8991,483.906,205.6382,421.309829,244.361359,245.314108,207.6514,193.58,211.86064,267.7964513,218.3233403,371.848278,284.851528,298.756359,267.188278,202.3384,211.86064,359.593,564.3146513,355.38074,283.5987023,340.1806213,818.4538023,370.89947,305.27947,314.3183623,223.42444,406.301448,355.0053403,355.0053403,206.42444,206.42444,300.88074,300.88074,245.166359,497.9638023
calculateDifferences,188.09,188.09,399.8491,341.3655,465.8591,225.11027,149.7461,239.7591,323.18727,270.55,334.899775,171.943359,641.942857605,568.459696455,291.10074,541.7895546,221.723601827,387.12061591,493.2564623,166.446,299.288571944,315.85908361,205.24660492,231.0856023,221.723601827,223.88334591,278.837629,280.632961763,277.770129,287.234064386,1156.10362,414.77972816,676.662788721,267.7964513,232.980983022,450.058,414.56207261,188.23,971.4607,234.703,249.93914295,562.9176,531.1643813,164.2452,164.2452,701.332832721,242.26727,592.0691,865.222132934,652.737132934,352.6586,871.402553013,419.737689,613.942857605,509.612489368,320.070858527,214.74798065,230.46744,189.67774,170.13024,601.539193918,176.463,196.693,154.24444,309.9761,396.333,166.6252,338.35774,201.126359,206.19784192,168.6384,158.69,171.44764,232.980983022,178.17462691,311.44099161,232.464778,250.20207261,218.79689965,171.034108,171.44764,295.75,465.202747434,289.28774,231.336609,284.607520827,663.6725375,306.2151813,246.21947,261.498358527,183.77744,327.61710492,288.607449837,288.607449837,168.24444,168.24444,244.27774,244.27774,201.476359,401.75674
computeDividedDifference,401.606,401.606,863.6775498,741.1462,995.10325,474.668,319.873,514.7186,689.16802,579.94,711.938,349.313,1337.66535,1179.09,597.713,1143.6601,442.155,790.32,1046.4536,364.060908,597.055,660.716,412.393,471.6265,442.155,448.0,570.303,569.05,568.4865,569.645,2487.19501,855.521,1410.40675,549.123,450.058,1037.81218725,868.2582,399.5025,2126.30975684,499.2465,509.673,1225.51685492,1102.9221,336.79,336.79,1460.644025,515.868,1277.259,1814.81943875,1361.6133075,760.05344,1828.28425,890.1221,1277.31535,1053.253225,666.4245,440.1425,471.63,389.729,344.2065,1262.5352,375.9586,427.912,312.39,664.552,848.1871,337.49,707.299,408.8965,412.883,339.59,333.5,344.98,450.058,357.216,638.414775,477.0865,508.7,447.293,338.995,344.98,629.393,963.66437,600.4822,477.93,577.695,1421.9963525,625.2,501.77,538.8995,373.58,667.996,584.786,584.786,342.88,342.88,498.48,498.48,409.67,851.02837
computeCanberraDistance,362.27,362.27,771.44135,661.93151475,895.241,427.113,286.94,463.864,616.41925,518.95,640.4775,324.9834513,1219.1824253,1081.0096121,547.53247,1052.116988,412.766946569,727.26816161,954.193459,319.806,548.5951813,603.61637,378.30994,437.885770827,412.766946569,417.558450011,521.779359,520.265098227,519.859609,522.98207261,2307.35842887,787.687804,1281.81096816,502.012459,414.56207261,868.2582,844.085782267,358.28,1870.2788,446.78925,472.90299382,1084.17595,1004.2243813,311.9352,311.9352,1329.61238591,463.3495,1145.7251,1643.1082813,1237.3732813,678.7195,1656.7369928,802.57562,1164.3074253,958.12154015,607.796609,409.353787605,436.7806356,357.55674,317.01972,1143.38807561,336.8961,378.286,291.444108,590.716,760.556,311.7252,640.96867,381.01962691,377.95994,313.6152,303.09,319.510908,414.56207261,328.236359,589.546362631,440.7460446,473.864371321,413.975064755,312.9152,319.510908,564.773,881.591140303,546.07647,438.5760663,533.838937879,1267.8168,576.2951813,461.70947,494.093359,347.6676356,615.50944,536.395359,536.395359,318.444108,318.444108,459.60947,459.60947,380.77462691,763.0533
evaluateHoners,180.47727,180.47727,362.76,309.6855,434.466,203.603,133.974775,213.3025,297.865,257.092775,310.906475,146.64,558.075,493.6875,251.935,475.1575,189.42,334.2925,436.1575,150.0861,253.23,278.74,174.18,199.69,189.42,188.23,239.635,239.5125,239.88,240.93,1051.0425,357.4575,587.2145,224.15,188.23,399.5025,358.28,201.583916497,875.32388975,228.10908361,213.04,511.8766,464.1455,145.9225,145.9225,614.9645,215.5355,532.075,774.701625,575.081625,323.2805,757.8525,372.06575,531.9,438.695,279.31575,185.15,203.12,159.64,146.99,542.5085,175.034311393,180.0922,133.64,287.9611,363.729325,147.1125,292.0725,173.4625,173.8125,147.1125,146.5,145.9225,188.23,145.45,269.653,199.823,214.72,185.64,149.23,145.9225,271.05475,401.0355,252.95,198.045,241.42,584.5125,268.1025,212.8125,226.719,160.4625,277.34,237.64,237.64,146.2725,146.2725,211.64,211.64,173.4625,344.9125
evaluateInternal,887.63644,887.63644,1864.01355472,1599.62347,2170.75395,1037.0473,690.6833,1107.98337,1496.18731,1255.72,1550.489525,753.563,2888.86745,2551.5485,1296.872125,2472.56397,958.699,1719.439408,2257.32137,779.388408,1295.1146,1433.5251,895.96035,1022.138,958.699,966.1785,1229.562125,1222.668525,1227.34575,1227.8046,5396.08611225,1857.799725,3042.26285,1178.8115,971.4607,2126.30975684,1870.2788,875.32388975,4709.05980672,1088.706,1100.858,2644.38934318,2390.5903,734.446,734.446,3170.7852375,1111.73887,2771.54725,3954.8331975,2958.7812225,1654.98118,3938.9351,1921.199245,2757.29245,2268.3645,1441.554975,954.359,1024.0161,835.6206,751.14275,2735.85642,816.57908975,918.0954,678.35,1452.15875,1832.721,732.08,1533.1191,884.312,891.368875,741.5825,721.3,749.5625,971.4607,765.5015,1383.1033875,1035.746,1100.956,965.223,743.2786,749.5625,1380.003,2080.68839,1303.93817,1031.432775,1247.7035,3072.79804175,1359.255189,1082.273,1166.7036,808.693,1446.79577,1256.6376,1256.6376,741.46,741.46,1082.7525,1082.7525,883.563,1831.846418
