min,186.6015625,186.6015625,356.5,304.875,425.0,202.25,134.375,211.375,292.125,249.75,305.375,145.5,556.0625,490.125,252.0,475.875,186.25,335.9375,435.625,146.75,253.25,280.0,171.875,198.5,186.25,186.25,237.5,237.8125,237.25,238.75,1052.625,361.0625,583.9375,226.0,186.25,397.75,358.75,176.03125,872.25,216.53125,212.0,503.9375,469.125,148.0625,148.0625,611.125,212.25,539.990234375,768.3125,571.0625,321.8125,752.625,367.25,530.0625,437.5625,275.25,185.5,199.25,158.5,145.75,533.1875,158.5,174.25,132.75,285.5,359.1875,146.0,294.5,171.25,172.3125,147.25,145.0,147.25,186.25,145.5,265.75,198.25,212.75,185.5,147.25,147.25,268.625,399.6875,254.625,198.6875,239.25,587.75,267.875,212.5,223.25,159.0,280.5,239.0,239.0,146.0,146.0,213.25,213.25,172.0,346.125
max,186.6015625,186.6015625,356.5,304.875,425.0,202.25,134.375,211.375,292.125,249.75,305.375,145.5,556.0625,490.125,252.0,475.875,186.25,335.9375,435.625,146.75,253.25,280.0,171.875,198.5,186.25,186.25,237.5,237.8125,237.25,238.75,1052.625,361.0625,583.9375,226.0,186.25,397.75,358.75,176.03125,872.25,216.53125,212.0,503.9375,469.125,148.0625,148.0625,611.125,212.25,539.990234375,768.3125,571.0625,321.8125,752.625,367.25,530.0625,437.5625,275.25,185.5,199.25,158.5,145.75,533.1875,158.5,174.25,132.75,285.5,359.1875,146.0,294.5,171.25,172.3125,147.25,145.0,147.25,186.25,145.5,265.75,198.25,212.75,185.5,147.25,147.25,268.625,399.6875,254.625,198.6875,239.25,587.75,267.875,212.5,223.25,159.0,280.5,239.0,239.0,146.0,146.0,213.25,213.25,172.0,346.125
covariance,356.5,356.5,779.40625,651.609375,892.640625,422.4375,280.5,456.213867188,621.1015625,517.5,634.78125,308.28125,1179.5859375,1039.640625,524.75,1007.7421875,391.25,693.875,922.8046875,313.703125,525.125,585.3125,361.4375,419.375,391.25,391.625,499.0,499.625,498.3125,499.375,2215.59765625,755.46875,1235.78125,474.625,392.4375,844.296875,757.09375,359.0,1823.234375,447.046875,449.1875,1078.26171875,965.1875,299.0,299.0,1283.34375,453.203125,1112.1875,1617.578125,1205.09375,679.91796875,1606.515625,784.296875,1125.28125,923.9453125,589.4765625,392.15625,418.9375,337.0,302.9375,1126.59375,333.75,370.671875,277.875,579.875,743.625,299.75,612.875,363.796875,362.9375,300.75,300.75,303.0,392.4375,309.125,560.5,419.5625,448.6875,394.78125,302.0,303.0,553.59375,848.140625,529.84375,420.21875,508.0,1239.7890625,551.125,440.875,477.2890625,331.875,583.5625,506.3125,506.3125,304.0,304.0,439.5,439.5,361.625,735.9609375
durbinWatson,304.875,304.875,651.609375,569.475585938,762.62109375,359.8125,241.0625,390.453125,525.5625,439.75,544.875,262.46875,1007.890625,888.78125,448.15625,867.984375,332.9375,592.5625,793.984375,268.0,448.3125,499.125,309.9375,357.75,332.9375,334.59375,426.15625,425.375,427.1875,426.3125,1897.0,644.40625,1057.375,406.171875,335.1875,723.625,648.08984375,306.1875,1563.40625,381.3125,382.140625,914.953125,824.375,255.25,255.25,1097.96484375,387.515625,951.203125,1378.28125,1028.453125,577.890625,1377.59375,674.5,961.609375,790.28125,508.9375,332.96484375,356.59375,288.4609375,260.9375,954.977050781,283.5625,316.90625,236.6875,497.40625,636.46875,255.25,525.2734375,311.1875,308.90625,256.3125,254.5,259.0625,335.1875,264.71875,478.9375,359.8125,382.21875,335.46875,257.9375,259.0625,473.828125,724.421875,450.75,359.8125,432.1875,1054.84375,469.75,376.0,408.9375,282.125,497.71875,432.21875,432.21875,259.125,259.125,374.8125,374.8125,307.625,627.5
lag1,425.0,425.0,892.640625,762.62109375,1091.88671875,493.0625,324.625,523.6875,729.08984375,614.0,752.25,357.25,1381.03125,1210.5625,615.125,1169.1875,459.0,817.125,1071.9375,359.125,618.75,684.3125,422.8125,491.62109375,459.0,459.25,583.625,585.40625,583.375,587.25,2604.953125,877.53125,1440.96875,550.25,459.6875,983.96875,885.125,428.25,2140.65625,530.24609375,527.109375,1255.22460938,1135.9375,354.25,354.25,1516.33984375,521.6875,1296.8125,1905.421875,1411.59375,791.23046875,1873.3125,911.0625,1315.2890625,1081.6875,685.0625,460.75,491.125,390.5,356.25,1326.75390625,390.875,426.25,324.25,682.5,879.25,355.0,714.75,422.5,424.6875,355.0,357.25,355.5,459.6875,357.875,659.5625,487.25,524.0,456.875,359.5,355.5,651.375,989.40234375,620.25,489.234375,591.9375,1442.2578125,650.75,517.375,554.6875,389.125,680.3125,585.3125,585.3125,356.25,356.25,516.5,516.5,422.125,848.3125
meanDeviation,202.25,202.25,422.4375,359.8125,493.0625,245.0390625,158.875,253.625,343.6875,286.75,353.21875,170.75,653.78125,576.5625,293.625,555.875,218.6875,387.875,508.625,174.25,295.0,326.15625,201.78125,232.875,218.6875,218.375,277.375,278.09375,277.125,278.75,1221.1875,420.03515625,685.78125,263.875,219.40625,466.75,419.875,200.625,1015.3125,249.0,250.125,595.2109375,541.75,167.0,167.0,713.40625,253.8125,619.0625,896.3125,669.46875,382.08203125,886.71875,432.0625,624.15625,512.6875,325.40625,218.625,234.125,186.75,168.75,624.96875,186.0,205.125,154.75,324.75,413.0,167.75,341.75,201.4375,203.171875,169.25,166.5,170.0,219.40625,171.5625,311.875,233.0,250.125,219.25,170.6875,170.0,309.25,470.3125,294.75,233.375,283.4375,689.0625,308.125,246.125,264.34375,184.875,329.53125,283.15625,283.15625,169.0,169.0,247.5,247.5,200.875,407.53125
product,134.375,134.375,280.5,241.0625,324.625,158.875,111.247070312,171.078125,226.25,190.5,236.0,115.0625,435.9375,384.6875,196.25,375.75,145.0625,257.875,343.75,118.440383911,196.0,217.0625,136.0625,155.25,145.0625,145.75,186.5,186.25,186.75,186.25,821.0,281.125,458.375,178.625,146.3125,313.375,281.5,132.546875,676.75,164.5,165.75,394.9375,361.0,112.5,112.5,475.875,172.0,413.375,595.15625,444.15625,252.721633911,593.9375,291.375,415.6875,342.9375,219.8125,144.75,155.0625,125.75,113.75,413.65625,124.546875,138.25,104.21875,217.0625,275.625,112.5,229.0,136.0,135.3125,112.875,111.0,114.375,146.3125,116.3125,207.0625,156.5625,166.0625,146.0625,112.25,114.375,206.375,312.46875,197.3125,157.375,187.3125,456.625,205.75,165.75,177.375,123.75,220.8125,190.9375,190.9375,113.75,113.75,165.625,165.625,134.75,273.0625
weightedMean,211.375,211.375,456.213867188,390.453125,523.6875,253.625,171.078125,281.107421875,365.484375,305.75,376.75,184.046875,701.078125,618.5,313.0625,606.515625,232.6875,412.625,554.390625,188.21875,312.625,351.0625,216.4375,250.25,232.6875,233.5,297.8125,297.375,298.25,297.375,1321.921875,451.046875,738.1875,284.25,234.1875,503.0,453.25,211.5625,1083.96875,264.546875,267.625,636.71875,573.75,177.5,177.5,763.5,276.5546875,664.0,952.375,712.6875,404.0,957.1875,469.640625,669.03125,549.1875,355.75,232.5,249.09375,202.0,180.875,663.75,199.1875,221.98046875,165.5625,343.125,439.875,178.25,365.5,219.28125,215.9375,179.0,177.0,180.75,234.1875,185.4375,333.4375,251.4375,267.34375,235.296875,178.5,180.75,327.6875,503.3125,313.5,251.0,302.4375,732.40625,327.875,263.375,287.0625,198.125,351.375,305.5,305.5,181.25,181.25,263.0,263.0,216.375,439.59375
autoCorrelation,292.125,292.125,621.1015625,525.5625,729.08984375,343.6875,226.25,365.484375,515.50390625,426.125,517.5,246.75,948.119140625,833.875,425.125,809.25,316.875,563.375,741.5,251.03125,427.375,473.90625,292.53125,340.6875,316.875,317.125,402.875,404.375,402.875,405.125,1788.203125,607.0625,994.59375,380.875,317.78125,679.1875,609.28125,294.125,1472.53125,368.265625,363.34375,870.4609375,786.375,243.5,243.5,1036.6640625,368.3203125,900.265625,1305.296875,970.171875,552.1953125,1287.53125,630.4375,904.078125,744.734375,473.78125,316.0703125,341.3125,270.75,244.5,917.2890625,272.9375,295.75,223.75,470.125,602.25,245.25,492.75,293.625,294.15625,245.75,246.75,245.5,317.78125,247.5625,453.375,336.25,362.375,315.75,247.75,245.5,446.0,682.15625,429.84375,338.0,409.125,995.3515625,450.5625,358.125,383.78125,269.625,474.765625,407.28125,407.28125,245.75,245.75,357.75,357.75,292.625,590.62109375
binarySearchFromTo,249.75,249.75,517.5,439.75,614.0,286.75,190.5,305.75,426.125,405.2265625,441.25,210.5,801.90625,708.75,365.0,688.5,269.25,481.25,633.375,211.0,364.75,404.75,250.25,288.0,269.25,269.25,346.5,346.5,346.25,346.25,1530.125,517.75,844.0,326.0,269.25,577.0,517.25,253.546875,1249.5,310.5,306.5,729.40625,676.0,212.75,212.75,881.625,310.125,782.125,1108.03125,821.375,458.75,1090.5625,536.9375,763.90625,631.40625,402.5,267.0,290.25,231.0,210.75,770.5,235.40625,249.75,191.5,410.0,529.9375,215.0,423.0,250.0,250.5,214.5,214.125,213.0,269.25,210.5,383.5,286.75,307.25,267.0,212.25,213.0,384.25,572.75,366.125,287.0,344.75,844.25,388.5,311.0,326.25,235.25,405.0,345.5,345.5,214.75,214.75,307.5,307.5,254.25,502.25
quantile,305.375,305.375,634.78125,544.875,752.25,353.21875,236.0,376.75,517.5,441.25,560.98828125,258.28125,989.421875,874.875,445.75,850.625,330.890625,587.3125,778.625,257.875,446.921875,492.125,306.875,352.375,330.890625,330.3125,422.0,421.66015625,422.875,423.171875,1872.375,635.4375,1039.96875,398.0625,330.671875,705.0,634.4375,306.765625,1533.078125,377.8125,375.5,889.5625,822.75,256.25,256.25,1084.90625,377.25,933.15625,1371.21875,1014.6875,564.1875,1348.75,661.78125,942.421875,777.609375,499.0625,327.5,353.78125,281.8125,259.625,941.71875,281.453125,305.125,234.78125,493.71875,634.953125,257.0,518.25,307.125,305.53515625,257.8125,261.0625,257.5625,330.671875,258.0625,471.609375,353.359375,377.03125,328.40625,259.921875,257.5625,473.875,706.21875,448.3125,353.8125,424.515625,1032.84765625,469.25,374.25,401.9296875,280.625,492.8125,422.3125,422.3125,256.875,256.875,374.5625,374.5625,304.125,610.5625
sumOfLogarithms,145.5,145.5,308.28125,262.46875,357.25,170.75,115.0625,184.046875,246.75,210.5,258.28125,133.2265625,487.890625,434.4609375,221.796875,416.624511719,165.1015625,288.421875,380.370605469,127.75,220.28125,241.34375,152.25,175.3359375,165.1015625,164.8046875,211.0703125,209.546875,210.30859375,209.546875,900.9375,318.274414062,511.6875,201.171875,164.296875,343.375,313.3359375,145.5,741.625,179.5,187.671875,430.5,405.15625,127.0,127.0,531.625,183.96875,455.375,662.71875,497.0,272.75,661.609375,322.671875,465.765625,384.546875,244.448730469,164.0859375,176.0,141.78125,129.2890625,457.34375,136.625,150.8125,119.5,239.875,307.375,127.75,257.25,153.987792969,151.75,128.25,122.75,130.25,164.296875,131.8203125,233.953125,178.478515625,188.609375,167.84375,127.0,130.25,230.375,351.65625,220.78125,175.94921875,211.703125,506.6875,230.78125,187.53125,199.250976562,141.0,246.5625,214.234375,214.234375,130.0,130.0,186.03125,186.03125,153.5859375,303.9375
kurtosis,556.0625,556.0625,1179.5859375,1007.890625,1381.03125,653.78125,435.9375,701.078125,948.119140625,801.90625,989.421875,487.890625,1881.87402344,1650.42675781,830.9375,1581.9140625,618.010742188,1095.46765137,1445.04296875,483.09375,831.671875,915.71875,570.784179688,663.551177979,618.010742188,618.8828125,786.96875,788.484375,785.90625,787.7109375,3457.890625,1201.46484375,1949.99414062,752.2265625,619.595703125,1313.03125,1186.7421875,554.375,2838.34375,689.038574219,711.333312988,1655.99902344,1530.296875,473.0,473.0,2023.74414062,699.15625,1733.0,2542.11425781,1902.73925781,1046.33789062,2546.89648438,1229.09570312,1793.0859375,1471.07128906,925.8125,622.9453125,658.828125,530.8125,481.625,1752.26171875,514.0625,571.40625,441.140625,909.76171875,1166.7734375,474.0,972.5625,574.02734375,572.219726562,479.0625,465.5,484.3125,619.595703125,489.8515625,886.77734375,667.65625,710.51171875,626.8359375,478.6171875,484.3125,868.8125,1343.4609375,832.25,667.98828125,802.928710938,1941.0,867.796875,697.3125,749.5859375,523.75,925.5,801.8515625,801.8515625,481.75,481.75,698.125,698.125,570.90625,1150.5
pooledMean,490.125,490.125,1039.640625,888.78125,1210.5625,576.5625,384.6875,618.5,833.875,708.75,874.875,434.4609375,1650.42675781,1482.06640625,739.46875,1403.57226562,547.980224609,968.040466309,1280.91601562,426.3125,736.26953125,808.75,508.296875,586.756835938,547.980224609,549.294372559,700.0,699.3515625,699.125,696.810546875,3036.8125,1065.828125,1727.15234375,666.0625,547.810546875,1158.25,1048.44433594,489.6875,2506.8125,605.25,630.758789062,1456.25,1353.08203125,418.75,418.75,1789.21484375,617.75,1535.609375,2245.65429688,1682.15429688,922.5,2255.07421875,1091.73352051,1576.42675781,1298.0390625,824.052734375,551.27734375,584.4921875,471.03125,429.96875,1546.40429688,456.625,503.59375,394.666992188,810.1015625,1035.7734375,420.5,864.0,509.66796875,507.1875,426.5625,409.5,430.8125,547.810546875,434.5625,785.857421875,595.734375,631.252685547,558.28515625,423.1875,430.8125,775.9375,1188.37304688,737.65625,593.233032227,711.726318359,1718.96875,767.45703125,617.9375,667.40625,465.125,821.59375,711.4375,711.4375,427.125,427.125,620.125,620.125,506.79296875,1019.59375
add,252.0,252.0,524.75,448.15625,615.125,293.625,196.25,313.0625,425.125,365.0,445.75,221.796875,830.9375,739.46875,392.631835938,709.953125,279.15625,496.9375,648.1015625,216.75,388.229492188,412.3125,261.8125,298.65625,279.15625,281.3125,363.991210938,359.625,361.475830078,359.625,1545.09375,541.421875,873.21875,344.0625,280.9375,589.375,534.78125,250.375,1277.734375,309.0,319.1875,738.125,704.90625,218.0,218.0,909.46875,314.5,787.1875,1136.46875,849.46875,467.25,1129.71875,551.5546875,792.9375,656.65625,415.71875,278.78125,298.375,242.9375,222.663330078,782.15625,234.25,255.375,200.75,418.375,532.25,220.0,444.6875,259.9140625,260.375,223.25,211.75,223.75,280.9375,223.859375,397.8125,301.948242188,319.90625,281.828125,220.0,223.75,398.625,597.8125,380.8125,299.28125,359.1875,873.4375,398.515625,323.515625,338.1015625,239.625,428.65625,367.59375,367.59375,219.75,219.75,326.2734375,326.2734375,260.40625,522.5625
cosineDistance,475.875,475.875,1007.7421875,867.984375,1169.1875,555.875,375.75,606.515625,809.25,688.5,850.625,416.624511719,1581.9140625,1403.57226562,709.953125,1394.84472656,524.53125,932.46875,1264.83886719,413.96875,706.6875,785.0625,488.8125,563.9375,524.53125,526.21875,673.9921875,670.71875,675.015625,670.71875,3003.609375,1024.33227539,1660.375,643.109375,526.671875,1123.0625,1022.0,472.9375,2429.46875,587.0,602.5,1410.21875,1300.6875,406.875,406.875,1720.984375,604.75,1496.3125,2158.2265625,1610.2734375,888.4375,2164.58007812,1061.3671875,1509.2578125,1242.62890625,803.705078125,524.96875,560.5,454.4375,413.34375,1482.578125,442.0625,489.734375,375.0,776.625,997.5,405.25,828.375,494.842773438,486.0625,407.75,399.0,411.25,526.671875,418.51171875,751.75,570.953125,602.96875,531.843261719,405.25,411.25,742.5,1133.3203125,707.8125,568.125,679.75,1647.3125,743.1875,596.6875,646.915039062,447.125,789.5,685.109375,685.109375,410.25,410.25,594.8125,594.8125,487.78125,984.375
manhattanDistance,186.25,186.25,391.25,332.9375,459.0,218.6875,145.0625,232.6875,316.875,269.25,330.890625,165.1015625,618.010742188,547.980224609,279.15625,524.53125,211.228515625,368.23828125,479.546875,160.75,280.68359375,305.71875,192.125,222.384765625,211.228515625,209.602539062,265.421875,265.500488281,264.921875,266.962890625,1142.15625,399.065429688,648.0859375,251.921875,209.712890625,435.375,397.157226562,187.0,943.125,231.375,238.247070312,548.6875,513.1796875,160.0,160.0,674.2578125,233.6875,576.375,843.669921875,631.154296875,346.5625,836.3515625,407.25,589.885742188,486.00390625,307.828125,206.857421875,223.25,178.28125,162.03125,583.623046875,174.0625,190.0,149.5,303.125,388.875,161.5,323.5,193.65234375,192.34375,162.0,157.25,163.25,209.712890625,164.296875,297.790039062,223.203125,239.184570312,209.228515625,162.375,163.25,290.625,444.826171875,278.53125,221.66796875,270.223632812,640.578125,294.1796875,236.40625,250.75,178.0,310.5,268.671875,268.671875,163.0,163.0,234.78125,234.78125,193.58984375,382.25
chebyshevDistance,335.9375,335.9375,693.875,592.5625,817.125,387.875,257.875,412.625,563.375,481.25,587.3125,288.421875,1095.46765137,968.040466309,496.9375,932.46875,368.23828125,667.352539062,851.953125,285.25,499.640625,544.78125,339.59375,392.5078125,368.23828125,371.27734375,470.265625,470.750976562,469.578125,472.98046875,2038.796875,709.390625,1150.82421875,448.703125,370.79296875,778.0,706.47265625,331.3125,1687.8125,411.5,420.91015625,979.5625,919.515625,285.75,285.75,1196.89453125,414.125,1038.4375,1493.64746094,1116.89746094,617.359375,1485.9609375,721.21875,1045.46765137,862.80859375,543.265625,365.65234375,391.75,315.9375,286.75,1036.17285156,306.4375,338.25,260.75,542.15625,694.75,285.75,579.53125,339.046875,340.0,288.5,280.25,290.5,370.79296875,290.953125,527.14453125,393.65625,422.47265625,368.57421875,286.5,290.5,515.25,788.030273438,497.21875,393.484375,475.16015625,1148.65625,526.73828125,420.71875,440.953125,313.375,553.125,478.703125,478.703125,287.5,287.5,418.453125,418.453125,341.578125,684.5625
tanimotoDistance,435.625,435.625,922.8046875,793.984375,1071.9375,508.625,343.75,554.390625,741.5,633.375,778.625,380.370605469,1445.04296875,1280.91601562,648.1015625,1264.83886719,479.546875,851.953125,1159.43359375,378.71875,645.34375,718.625,446.953125,514.96875,479.546875,480.703125,616.08984375,613.328125,616.6015625,613.328125,2733.203125,934.287353516,1516.80859375,586.4453125,481.2578125,1028.125,931.359375,433.9375,2220.96875,537.75,549.53125,1291.46875,1186.84375,373.0,373.0,1572.3046875,553.25,1369.625,1974.40234375,1471.44921875,812.9375,1977.55273438,972.20300293,1378.38671875,1135.45898438,734.072265625,479.078125,512.96875,414.96875,376.984375,1355.7734375,405.5625,447.546875,343.09375,711.5,913.875,371.9375,756.0,451.973632812,444.703125,373.4375,365.5,376.40625,481.2578125,381.833984375,686.03125,519.6953125,550.203125,484.354980469,370.9375,376.40625,680.125,1034.23046875,645.84375,518.3125,620.03125,1504.15625,679.96875,546.09375,590.864257812,410.96875,720.046875,624.2265625,624.2265625,377.09375,377.09375,542.96875,542.96875,447.546875,897.71875
sum,146.75,146.75,313.703125,268.0,359.125,174.25,118.440383911,188.21875,251.03125,211.0,257.875,127.75,483.09375,426.3125,216.75,413.96875,160.75,285.25,378.71875,136.012695312,216.25,239.75,150.125,171.25,160.75,161.5,206.5,206.0,206.25,206.0,902.375,310.5625,507.9375,198.375,162.25,351.25,312.25,147.3125,754.6875,182.25,183.5,441.6875,399.0,123.5,123.5,526.125,188.3125,459.625,656.71875,492.28125,281.240234375,657.0625,321.65625,460.96875,379.3125,241.625,160.0,171.75,140.125,125.25,460.75,139.375,156.0625,115.625,242.1875,305.25,123.5,254.625,149.5625,149.75,124.25,122.0,126.25,162.25,129.25,229.75,173.5,184.25,162.25,123.5,126.25,228.875,347.5,219.65625,173.21875,208.25,508.875,226.75,182.75,196.0625,136.5,242.25,211.0,211.0,125.5,125.5,181.75,181.75,149.0,305.53125
dec,253.25,253.25,525.125,448.3125,618.75,295.0,196.0,312.625,427.375,364.75,446.921875,220.28125,831.671875,736.26953125,388.229492188,706.6875,280.68359375,499.640625,645.34375,216.25,390.131835938,412.3125,259.6875,299.171875,280.68359375,281.734375,359.625,359.663330078,358.9375,361.491210938,1543.1875,540.04296875,873.1015625,342.4375,282.803710938,588.875,534.6796875,251.25,1276.125,311.625,320.2109375,741.1875,706.9296875,217.5,217.5,908.9921875,314.125,782.5,1137.47851562,850.353515625,468.5625,1125.953125,547.875,793.671875,656.0078125,413.15625,279.0390625,298.375,241.3125,220.125,786.041015625,233.375,255.25,199.75,413.8125,529.125,219.5,441.8125,258.90625,260.0,222.0,212.75,222.5,282.803710938,221.8125,399.2109375,299.875,320.6796875,280.8203125,220.75,222.5,392.75,599.455078125,379.8125,299.25,361.08984375,871.1953125,400.0390625,323.015625,335.84375,239.125,426.75,365.6875,365.6875,219.25,219.25,325.0234375,325.0234375,259.90625,519.53125
errorRate,280.0,280.0,585.3125,499.125,684.3125,326.15625,217.0625,351.0625,473.90625,404.75,492.125,241.34375,915.71875,808.75,412.3125,785.0625,305.71875,544.78125,718.625,239.75,412.3125,474.694335938,283.62890625,329.125,305.71875,305.78125,390.28125,390.03125,390.03125,390.28125,1726.10351562,595.5,963.4375,371.890625,306.62890625,651.0,590.71875,277.0,1410.9375,343.625,351.875,821.8125,761.6875,238.9375,238.9375,1001.59375,349.65625,872.3125,1248.34375,933.734375,519.5625,1242.125,608.0,873.953125,719.453125,460.474609375,307.2890625,327.546875,262.9375,237.9375,865.75,258.125,283.125,218.59375,451.625,585.046875,238.1875,481.625,284.953125,283.909179688,239.4375,233.125,240.90625,306.62890625,242.1328125,437.375,329.0,350.875,308.5,237.71875,240.90625,431.375,660.1953125,411.3125,328.25,395.625,956.1875,435.0625,348.5625,373.966796875,264.6875,462.50390625,398.31640625,398.31640625,242.8125,242.8125,347.875,347.875,287.4375,569.78125
scale,171.875,171.875,361.4375,309.9375,422.8125,201.78125,136.0625,216.4375,292.53125,250.25,306.875,152.25,570.784179688,508.296875,261.8125,488.8125,192.125,339.59375,446.953125,150.125,259.6875,283.62890625,184.361328125,204.375,192.125,193.6875,249.0625,246.9375,249.5,246.9375,1061.25,369.5,600.885253906,235.8125,194.5625,405.375,367.9375,172.5,879.15625,211.75,218.375,507.4375,474.75,149.25,149.25,626.119628906,218.03125,539.0625,781.65234375,583.83984375,320.1875,779.447021484,382.612304688,544.784179688,452.224121094,288.37890625,190.5,205.625,167.3125,153.625,537.280273438,162.125,176.125,138.5234375,285.10546875,363.484375,150.75,302.984375,179.125,180.5625,152.296875,145.25,153.296875,194.5625,154.5625,273.125,207.4375,219.125,192.25,150.8125,153.296875,272.84375,409.90234375,259.703125,206.046875,246.375,596.0,271.875,220.125,233.50390625,164.875,291.0625,251.3125,251.3125,151.0,151.0,219.546875,219.546875,178.875,357.34375
eucleadianDistance,198.5,198.5,419.375,357.75,491.62109375,232.875,155.25,250.25,340.6875,288.0,352.375,175.3359375,663.551177979,586.756835938,298.65625,563.9375,222.384765625,392.5078125,514.96875,171.25,299.171875,329.125,204.375,244.331054688,222.384765625,222.087890625,281.671875,281.68359375,281.421875,282.1953125,1231.0546875,431.96875,693.3671875,268.421875,221.6953125,464.9375,423.541015625,198.25,1007.5,249.265625,257.495361328,590.0234375,552.515625,170.5,170.5,721.875,250.375,617.875,900.16015625,673.69140625,373.0625,897.49609375,436.75,633.008056641,520.498046875,330.84375,223.646484375,236.75,189.78125,172.28125,623.17578125,185.0625,202.5,158.75,323.5,415.625,171.75,346.75,207.60546875,204.375,173.25,166.5,174.5,221.6953125,174.796875,319.708984375,240.015625,256.833984375,224.787109375,171.75,174.5,308.5,480.381835938,296.78125,239.2265625,287.708984375,686.65625,312.671875,251.65625,268.328125,190.25,334.0,287.671875,287.671875,174.25,174.25,251.78125,251.78125,206.83984375,410.0
distance1,186.25,186.25,391.25,332.9375,459.0,218.6875,145.0625,232.6875,316.875,269.25,330.890625,165.1015625,618.010742188,547.980224609,279.15625,524.53125,211.228515625,368.23828125,479.546875,160.75,280.68359375,305.71875,192.125,222.384765625,211.228515625,209.602539062,265.421875,265.500488281,264.921875,266.962890625,1142.15625,399.065429688,648.0859375,251.921875,209.712890625,435.375,397.157226562,187.0,943.125,231.375,238.247070312,548.6875,513.1796875,160.0,160.0,674.2578125,233.6875,576.375,843.669921875,631.154296875,346.5625,836.3515625,407.25,589.885742188,486.00390625,307.828125,206.857421875,223.25,178.28125,162.03125,583.623046875,174.0625,190.0,149.5,303.125,388.875,161.5,323.5,193.65234375,192.34375,162.0,157.25,163.25,209.712890625,164.296875,297.790039062,223.203125,239.184570312,209.228515625,162.375,163.25,290.625,444.826171875,278.53125,221.66796875,270.223632812,640.578125,294.1796875,236.40625,250.75,178.0,310.5,268.671875,268.671875,163.0,163.0,234.78125,234.78125,193.58984375,382.25
distanceInf,186.25,186.25,391.625,334.59375,459.25,218.375,145.75,233.5,317.125,269.25,330.3125,164.8046875,618.8828125,549.294372559,281.3125,526.21875,209.602539062,371.27734375,480.703125,161.5,281.734375,305.78125,193.6875,222.087890625,209.602539062,213.228515625,268.078125,267.352539062,267.171875,268.51171875,1142.4375,398.34375,650.62109375,254.96875,211.26171875,439.5,400.234375,186.25,948.5625,231.125,238.661132812,550.9375,514.6796875,160.0,160.0,675.73828125,235.0,581.5625,841.186523438,630.374023438,346.71875,842.295898438,408.625,590.8828125,488.82421875,308.421875,206.818359375,223.5625,180.828125,163.28125,584.000488281,173.8125,191.5,148.5,304.9375,390.75,161.5,326.6875,193.43359375,193.6875,162.5,157.25,164.25,211.26171875,166.84375,298.66796875,223.328125,240.112304688,209.373046875,162.5,164.25,291.125,444.975585938,280.6875,222.5234375,269.536132812,647.109375,295.1796875,237.40625,250.453125,177.5,313.0,272.21875,272.21875,162.5,162.5,235.8125,235.8125,193.55859375,387.296875
ebeAdd,237.5,237.5,499.0,426.15625,583.625,277.375,186.5,297.8125,402.875,346.5,422.0,211.0703125,786.96875,700.0,363.991210938,673.9921875,265.421875,470.265625,616.08984375,206.5,359.625,390.28125,249.0625,281.671875,265.421875,268.078125,350.202148438,345.810546875,347.671386719,345.810546875,1464.59375,508.5703125,827.171875,327.078125,267.703125,561.125,508.296875,237.875,1210.984375,293.0,301.71875,699.875,657.28125,206.25,206.25,861.703125,299.75,745.6875,1074.484375,802.984375,441.25,1073.25,524.5234375,750.96875,622.921875,395.20703125,262.796875,283.625,231.1875,210.913330078,740.671875,223.0,243.875,190.5,394.125,503.25,208.5,418.9375,247.18359375,247.625,209.5,202.0,211.0,267.703125,213.63671875,376.84375,285.484863281,302.421875,266.3671875,207.75,211.0,377.125,564.328125,358.8125,282.796875,340.21875,825.1875,377.3125,306.6875,321.08984375,227.375,400.65625,347.609375,347.609375,208.5,208.5,303.5625,303.5625,247.671875,494.3125
ebeDivide,237.8125,237.8125,499.625,425.375,585.40625,278.09375,186.25,297.375,404.375,346.5,421.66015625,209.546875,788.484375,699.3515625,359.625,670.71875,265.500488281,470.750976562,613.328125,206.0,359.663330078,390.03125,246.9375,281.68359375,265.500488281,267.352539062,345.810546875,347.702148438,345.123046875,345.858886719,1463.34375,508.34375,827.186523438,325.453125,267.747070312,560.25,507.061523438,237.8125,1206.328125,294.25,302.75390625,703.0,657.916015625,205.75,205.75,859.905273438,299.375,741.0,1074.28515625,803.09765625,443.0,1072.078125,520.84375,752.484375,623.6953125,392.640625,263.8203125,282.9375,229.5625,208.375,744.33203125,222.125,243.375,189.5,389.3125,500.125,208.0,415.8125,246.171875,248.375,208.25,202.5,209.75,267.747070312,211.578125,376.733398438,283.40625,302.061523438,265.8671875,207.375,209.75,371.0,566.69140625,357.3125,283.671875,341.047363281,825.4375,377.697265625,306.1875,318.828125,226.875,398.75,345.703125,345.703125,208.0,208.0,302.3125,302.3125,247.171875,491.03125
ebeMultiply,237.25,237.25,498.3125,427.1875,583.375,277.125,186.75,298.25,402.875,346.25,422.875,210.30859375,785.90625,699.125,361.475830078,675.015625,264.921875,469.578125,616.6015625,206.25,358.9375,390.03125,249.5,281.421875,264.921875,267.171875,347.671386719,345.123046875,348.827148438,345.123046875,1464.53125,507.80859375,826.328125,326.171875,267.015625,559.9375,507.140625,238.0,1209.40625,293.0,301.46875,700.125,657.03125,206.0,206.0,861.296875,300.125,743.140625,1074.296875,802.234375,441.0,1072.25,525.0,749.90625,621.671875,396.5078125,262.546875,283.0,230.28125,212.053710938,740.171875,223.125,243.4375,190.0,391.328125,501.15625,208.25,417.09375,247.4453125,246.9375,208.8125,202.0,210.3125,267.015625,212.477539062,376.71875,286.447265625,301.796875,265.60546875,207.0625,210.3125,373.65625,563.578125,357.75,282.796875,339.71875,822.3671875,377.0625,306.4375,320.7265625,227.125,399.5859375,346.5390625,346.5390625,208.25,208.25,302.875,302.875,247.421875,492.4296875
ebeSubtract,238.75,238.75,499.375,426.3125,587.25,278.75,186.25,297.375,405.125,346.25,423.171875,209.546875,787.7109375,696.810546875,359.625,670.71875,266.962890625,472.98046875,613.328125,206.0,361.491210938,390.28125,246.9375,282.1953125,266.962890625,268.51171875,345.810546875,345.858886719,345.123046875,347.702148438,1462.6875,507.18359375,827.06640625,325.453125,269.583984375,560.625,508.20703125,238.75,1209.375,295.625,302.75390625,702.9375,659.3046875,205.75,205.75,861.23828125,299.375,741.0,1075.49902344,803.874023438,442.5625,1069.4921875,520.84375,751.7109375,622.27734375,392.640625,263.05859375,283.625,229.5625,208.375,744.561523438,222.125,243.75,189.5,389.5625,500.125,208.0,416.0625,246.171875,247.25,208.25,203.0,209.75,269.583984375,211.578125,378.25390625,283.40625,303.20703125,265.35546875,208.5,209.75,371.25,565.975585938,357.8125,282.765625,342.134765625,822.9453125,378.8359375,306.1875,318.828125,226.875,398.75,345.703125,345.703125,208.0,208.0,302.3125,302.3125,247.171875,491.28125
safeNorm,1052.625,1052.625,2215.59765625,1897.0,2604.953125,1221.1875,821.0,1321.921875,1788.203125,1530.125,1872.375,900.9375,3457.890625,3036.8125,1545.09375,3003.609375,1142.15625,2038.796875,2733.203125,902.375,1543.1875,1726.10351562,1061.25,1231.0546875,1142.15625,1142.4375,1464.59375,1463.34375,1464.53125,1462.6875,6858.1706543,2223.375,3612.65625,1391.09375,1143.6875,2456.59375,2249.97460938,1047.8125,5328.80078125,1297.765625,1308.890625,3107.265625,2844.28125,894.96875,894.96875,3769.203125,1314.3125,3269.0,4732.98828125,3522.53710938,1962.453125,4692.53125,2298.84375,3291.265625,2706.203125,1732.296875,1145.59375,1221.6875,984.59375,896.03125,3262.6875,972.5,1064.96875,816.5,1701.75,2197.375,889.625,1800.59375,1067.234375,1059.4375,891.5,886.75,895.5,1143.6875,902.46875,1637.1953125,1230.6875,1308.53125,1147.875,889.5,895.5,1627.375,2471.70703125,1547.71875,1232.921875,1474.71875,3596.15625,1626.515625,1299.9375,1399.0,978.375,1721.6875,1481.0625,1481.0625,898.375,898.375,1302.9375,1302.9375,1062.96875,2133.40625
entropy,361.0625,361.0625,755.46875,644.40625,877.53125,420.03515625,281.125,451.046875,607.0625,517.75,635.4375,318.274414062,1201.46484375,1065.828125,541.421875,1024.33227539,399.065429688,709.390625,934.287353516,310.5625,540.04296875,595.5,369.5,431.96875,399.065429688,398.34375,508.5703125,508.34375,507.80859375,507.18359375,2223.375,794.995117188,1258.16796875,488.1796875,398.9453125,841.125,765.125,355.4375,1824.734375,441.25,460.03125,1060.4375,1003.5078125,312.181640625,312.181640625,1302.66796875,449.65625,1126.8125,1632.62109375,1223.51171875,672.375,1627.89453125,790.578125,1146.93359375,943.88671875,598.495605469,403.265625,425.375,343.28125,313.0390625,1124.02734375,331.125,366.625,287.3125,588.75,753.8125,310.0,631.875,372.977539062,369.6875,314.25,299.0,317.0,398.9453125,317.587890625,572.296875,435.1484375,461.6796875,408.200195312,309.390625,317.0,561.4375,868.0703125,539.28125,433.51953125,518.034179688,1250.78125,565.078125,455.28125,485.641601562,342.5,606.0625,520.99609375,520.99609375,315.5,315.5,455.90625,455.90625,372.328125,746.125
g,583.9375,583.9375,1235.78125,1057.375,1440.96875,685.78125,458.375,738.1875,994.59375,844.0,1039.96875,511.6875,1949.99414062,1727.15234375,873.21875,1660.375,648.0859375,1150.82421875,1516.80859375,507.9375,873.1015625,963.4375,600.885253906,693.3671875,648.0859375,650.62109375,827.171875,827.186523438,826.328125,827.06640625,3612.65625,1258.16796875,2070.30273438,791.0234375,651.68359375,1381.84375,1247.265625,582.1875,2983.78125,722.5,743.40234375,1736.75,1613.35742188,495.875,495.875,2134.40136719,737.5,1831.734375,2653.21142578,1986.00830078,1096.375,2654.84033203,1289.9140625,1861.21289062,1533.49707031,972.970703125,647.72265625,690.75,558.71875,506.25,1833.55297852,541.125,600.90625,462.09375,955.09375,1224.9375,497.75,1023.125,602.46875,601.09375,503.0625,489.21875,508.0,651.68359375,515.15234375,929.260742188,700.341796875,745.046875,655.0546875,500.9375,508.0,915.265625,1402.87548828,874.375,699.333984375,840.4296875,2034.84375,911.6015625,732.40625,788.677734375,550.0625,973.46875,844.529296875,844.529296875,505.1875,505.1875,732.96875,732.96875,599.890625,1211.40625
calculateAbsoluteDifferences,226.0,226.0,474.625,406.171875,550.25,263.875,178.625,284.25,380.875,326.0,398.0625,201.171875,752.2265625,666.0625,344.0625,643.109375,251.921875,448.703125,586.4453125,198.375,342.4375,371.890625,235.8125,268.421875,251.921875,254.96875,327.078125,325.453125,326.171875,325.453125,1391.09375,488.1796875,791.0234375,321.549804688,255.2109375,536.625,485.734375,223.25,1154.9375,277.5,288.34375,669.125,636.21875,196.5,196.5,821.9453125,286.09375,710.53125,1019.6796875,765.3046875,421.125,1021.828125,496.484375,718.2265625,594.3046875,374.6640625,251.421875,268.25,222.19140625,199.65625,705.1796875,209.0,234.25,181.0,372.1875,475.75,198.375,402.828125,234.796875,235.25,199.375,191.5,201.875,255.2109375,204.7265625,359.09375,272.5625,288.171875,255.09375,196.0,201.875,353.375,542.5859375,342.9375,271.6328125,325.8046875,792.3203125,359.40625,292.90625,304.1953125,215.75,386.5625,334.9765625,334.9765625,198.75,198.75,289.4375,289.4375,235.421875,476.0703125
calculateDifferences,186.25,186.25,392.4375,335.1875,459.6875,219.40625,146.3125,234.1875,317.78125,269.25,330.671875,164.296875,619.595703125,547.810546875,280.9375,526.671875,209.712890625,370.79296875,481.2578125,162.25,282.803710938,306.62890625,194.5625,221.6953125,209.712890625,211.26171875,267.703125,267.747070312,267.015625,269.583984375,1143.6875,398.9453125,651.68359375,255.2109375,213.233398438,440.5,399.70703125,186.25,950.9375,231.125,238.25390625,552.25,514.6796875,160.0,160.0,676.87109375,235.78125,581.4375,843.634277344,632.009277344,347.125,841.894042969,409.265625,591.595703125,489.291992188,309.001953125,206.55859375,222.375,180.8125,163.125,584.454345703,173.625,191.875,148.25,304.5625,390.375,161.5,326.8125,192.921875,194.875,162.5,157.25,164.0,213.233398438,167.08984375,297.75390625,222.90625,238.70703125,208.85546875,163.25,164.0,290.75,446.110839844,280.0625,222.515625,269.884765625,646.8203125,295.1796875,237.40625,251.189453125,177.125,313.375,272.591796875,272.591796875,162.25,162.25,235.8125,235.8125,193.171875,387.4375
computeDividedDifference,397.75,397.75,844.296875,723.625,983.96875,466.75,313.375,503.0,679.1875,577.0,705.0,343.375,1313.03125,1158.25,589.375,1123.0625,435.375,778.0,1028.125,351.25,588.875,651.0,405.375,464.9375,435.375,439.5,561.125,560.25,559.9375,560.625,2456.59375,841.125,1381.84375,536.625,440.5,971.14453125,848.875,396.5625,2058.859375,492.9375,500.375,1194.09375,1085.8125,334.75,334.75,1434.953125,504.25,1252.125,1790.27734375,1338.1640625,746.375,1791.59375,873.8125,1252.78125,1033.234375,654.9375,434.0625,465.25,379.875,339.9375,1242.25,370.625,415.0,308.75,653.0,835.4375,335.25,692.125,403.1875,405.625,336.75,332.5,340.5,440.5,348.5,626.546875,468.9375,500.0,438.875,336.375,340.5,620.375,942.46875,590.375,469.25,565.875,1387.3671875,617.5,495.25,529.8125,369.5,656.0,570.75,570.75,339.0,339.0,493.0,493.0,403.75,826.71875
computeCanberraDistance,358.75,358.75,757.09375,648.08984375,885.125,419.875,281.5,453.25,609.28125,517.25,634.4375,313.3359375,1186.7421875,1048.44433594,534.78125,1022.0,397.157226562,706.47265625,931.359375,312.25,534.6796875,590.71875,367.9375,423.541015625,397.157226562,400.234375,508.296875,507.061523438,507.140625,508.20703125,2249.97460938,765.125,1247.265625,485.734375,399.70703125,848.875,784.077148438,356.0,1831.75,442.03125,454.768554688,1064.21875,982.1796875,306.25,306.25,1296.51171875,453.0625,1123.9375,1613.91503906,1208.29003906,669.125,1614.03125,786.1875,1132.1171875,932.86328125,593.015625,395.876953125,423.875,344.4375,309.25,1120.29248047,332.5625,369.25,282.5,583.0,750.5,306.0,623.90625,368.21484375,367.6875,307.25,301.25,310.5,399.70703125,316.171875,568.1328125,426.140625,455.41796875,398.943359375,306.75,310.5,556.875,853.274414062,534.28125,425.2890625,513.372070312,1240.875,562.1796875,450.65625,481.046875,337.5,597.625,517.796875,517.796875,309.5,309.5,449.15625,449.15625,368.08984375,741.5625
evaluateHoners,176.03125,176.03125,359.0,306.1875,428.25,200.625,132.546875,211.5625,294.125,253.546875,306.765625,145.5,554.375,489.6875,250.375,472.9375,187.0,331.3125,433.9375,147.3125,251.25,277.0,172.5,198.25,187.0,186.25,237.875,237.8125,238.0,238.75,1047.8125,355.4375,582.1875,223.25,186.25,396.5625,356.0,183.498046875,865.10546875,219.37890625,211.5,505.625,461.1875,145.0625,145.0625,609.4375,212.9375,528.375,768.234375,569.984375,319.5625,752.8125,369.53125,528.25,435.875,277.28125,184.25,200.5,158.5,145.75,534.8125,165.000976562,175.625,132.5,282.6875,359.265625,145.8125,290.3125,172.0625,172.3125,145.8125,145.5,145.0625,186.25,144.75,266.375,198.125,212.5,184.5,147.25,145.0625,267.53125,397.4375,251.25,197.125,239.0,580.8125,265.5625,211.3125,224.75,159.0625,276.0,236.5,236.5,145.3125,145.3125,210.5,210.5,172.0625,342.8125
evaluateInternal,872.25,872.25,1823.234375,1563.40625,2140.65625,1015.3125,676.75,1083.96875,1472.53125,1249.5,1533.078125,741.625,2838.34375,2506.8125,1277.734375,2429.46875,943.125,1687.8125,2220.96875,754.6875,1276.125,1410.9375,879.15625,1007.5,943.125,948.5625,1210.984375,1206.328125,1209.40625,1209.375,5328.80078125,1824.734375,2983.78125,1154.9375,950.9375,2058.859375,1831.75,865.10546875,4481.77636719,1072.0,1081.75,2577.58984375,2353.4375,728.25,728.25,3112.3671875,1086.53125,2712.71875,3893.1953125,2903.7734375,1620.6875,3866.6875,1888.109375,2707.21875,2230.125,1417.078125,940.75,1008.5625,816.875,739.78125,2690.1875,803.35546875,891.875,669.75,1422.90625,1808.625,727.0,1499.4375,872.125,876.109375,733.5625,719.5,739.0625,950.9375,749.1875,1356.7109375,1016.75,1082.0,948.125,734.125,739.0625,1354.5,2037.15625,1280.59375,1013.546875,1222.5625,2999.08203125,1339.203125,1069.375,1146.625,799.875,1420.59375,1228.75,1228.75,733.5,733.5,1069.8125,1069.8125,871.625,1781.65625
evaluateNewton,216.53125,216.53125,447.046875,381.3125,530.24609375,249.0,164.5,264.546875,368.265625,310.5,377.8125,179.5,689.038574219,605.25,309.0,587.0,231.375,411.5,537.75,182.25,311.625,343.625,211.75,249.265625,231.375,231.125,293.0,294.25,293.0,295.625,1297.765625,441.25,722.5,277.5,231.125,492.9375,442.03125,219.37890625,1072.0,276.985351562,264.8984375,631.447265625,574.875,178.0,178.0,755.8828125,267.34375,654.375,946.125,703.53125,399.203125,933.71875,455.25,656.49609375,540.234375,343.0,229.3828125,248.125,196.5,178.25,663.140625,198.75,218.65625,162.75,345.75,440.25,179.25,359.0,213.75,212.8125,179.25,179.0,178.5,231.125,179.25,331.25,244.25,263.875,229.1875,181.0,178.5,325.5,496.125,310.25,245.1875,297.5,721.53125,329.5,261.5,277.5,196.0,343.875,295.0,295.0,178.75,178.75,260.5,260.5,212.75,426.25
meanDifference,212.0,212.0,449.1875,382.140625,527.109375,250.125,165.75,267.625,363.34375,306.5,375.5,187.671875,711.333312988,630.758789062,319.1875,602.5,238.247070312,420.91015625,549.53125,183.5,320.2109375,351.875,218.375,257.495361328,238.247070312,238.661132812,301.71875,302.75390625,301.46875,302.75390625,1308.890625,460.03125,743.40234375,288.34375,238.25390625,500.375,454.768554688,211.5,1081.75,264.8984375,280.223632812,634.96875,589.9609375,181.5,181.5,773.70703125,267.625,661.375,962.02734375,721.52734375,398.46875,963.434570312,466.0,679.458312988,557.592285156,353.15625,242.044921875,252.75,203.8125,184.3125,668.58984375,197.3125,217.875,169.0,345.25,444.375,182.75,372.0,220.9296875,218.875,184.25,177.0,186.0,238.25390625,187.84375,342.598632812,256.9375,274.106445312,243.2734375,183.0,186.0,329.0,515.43359375,317.3125,256.046875,310.786132812,739.6875,334.7109375,269.1875,287.15625,202.5,356.875,309.46875,309.46875,185.5,185.5,268.8125,268.8125,221.1796875,440.125
