min,299.560543749,299.560543749,361.62,311.159,435.008,210.498,140.143,215.299,297.925,251.95,311.699,147.5,564.9225,498.325,256.0,483.759,190.01,348.9031,442.509,150.83,258.61,287.688,174.355,201.3,190.01,190.01,240.3,240.9525,239.85,242.91,1064.507,373.2417,595.1615,230.0,190.01,406.038,366.03,186.58969,907.18928,228.64969,215.2,513.2375,481.649,154.7441,154.7441,623.209,217.738,600.658140391,780.9325,581.8825,332.2365,762.825,370.21,538.9225,444.8625,277.05,188.3,203.01,160.5,147.95,546.8515,160.86,179.53,135.31,301.116,366.3675,148.4,302.02,173.05,175.0525,151.01,146.6,151.01,190.01,147.5,270.71,200.85,216.91,188.3,151.01,151.01,277.469,409.1115,262.669,201.9075,243.81,602.798,275.759,216.1,225.05,161.4,286.5,243.0,243.0,148.4,148.4,217.81,217.81,174.4,353.849
max,299.560543749,299.560543749,361.62,311.159,435.008,210.498,140.143,215.299,297.925,251.95,311.699,147.5,564.9225,498.325,256.0,483.759,190.01,348.9031,442.509,150.83,258.61,287.688,174.355,201.3,190.01,190.01,240.3,240.9525,239.85,242.91,1064.507,373.2417,595.1615,230.0,190.01,406.038,366.03,186.58969,907.18928,228.64969,215.2,513.2375,481.649,154.7441,154.7441,623.209,217.738,600.658140391,780.9325,581.8825,332.2365,762.825,370.21,538.9225,444.8625,277.05,188.3,203.01,160.5,147.95,546.8515,160.86,179.53,135.31,301.116,366.3675,148.4,302.02,173.05,175.0525,151.01,146.6,151.01,190.01,147.5,270.71,200.85,216.91,188.3,151.01,151.01,277.469,409.1115,262.669,201.9075,243.81,602.798,275.759,216.1,225.05,161.4,286.5,243.0,243.0,148.4,148.4,217.81,217.81,174.4,353.849
covariance,361.62,361.62,947.693936772,689.826015,927.869265,443.4111,292.59,494.147418727,666.5880069,521.1,647.01225,322.59969,1225.8268875,1079.363025,536.598,1048.9062375,405.018,711.279,960.0267375,339.019821,536.409,605.4381,374.0031,434.583,405.018,404.829,512.208,512.469,510.5385,512.019,2277.78215625,785.37519,1286.08785,491.229,408.5631,889.2124614,788.07735,366.84,1921.00520052,465.494895,466.0515,1158.78669291,985.9131,300.6,300.6,1326.70935,479.819745,1146.8331,1675.912221,1255.599846,727.55271495,1672.097625,816.867315,1171.17945,955.2920625,614.5627725,405.32625,434.3031,351.648,308.4795,1182.02715,344.718,399.945411,286.119,592.839,756.225,302.31,632.403,377.662275,376.7031,304.11,304.11,308.52,408.5631,322.857,580.428,434.3085,466.6131,414.21969,306.36,308.52,567.47655,893.267721,551.60379,434.94975,530.568,1302.9937389,561.609,449.559,499.0792725,340.119,602.2521,529.0821,529.0821,310.68,310.68,446.22,446.22,372.429,787.8198699
durbinWatson,311.159,311.159,689.826015,706.975350977,799.67075875,379.83774,253.0085,420.721145,553.94894,441.95,559.555,271.15975,1053.144165,926.28185,458.10725,919.343511,342.6775,607.7825,840.623511,287.1136,458.1725,515.049,321.0815,370.074,342.6775,345.96475,436.90725,435.015,439.7715,436.9725,1959.8944,667.32525,1103.8486,421.433275,348.1315,761.8002,678.33152775,313.6115,1642.79989,397.4021,394.651025,967.721185,843.187,257.05,257.05,1136.02319375,414.034721,984.221525,1424.83169,1071.249065,613.476885,1450.85523,711.8168,1006.592915,823.08369,538.8351,342.67519375,368.20875,302.9669475,268.9615,999.617641051,290.7825,337.96685,242.6675,512.60325,650.84175,257.05,545.3194475,324.4691,319.26125,259.0525,255.7,264.3625,348.1315,276.61375,495.4375,373.8765,395.06975,347.35975,263.2015,264.3625,487.078525,767.619411,464.396,373.9125,448.8075,1100.11135,478.27,382.76,427.8055,287.565,512.01375,449.31375,449.31375,264.565,264.565,380.3525,380.3525,315.065,660.2278
lag1,435.008,435.008,927.869265,799.67075875,1311.14279641,507.2241,329.729,539.0927,762.44310875,618.8,767.05,361.81,1415.84925,1234.7285,622.049,1185.9291,470.608,835.217,1087.6791,367.129,630.158,697.1541,430.8941,503.42671875,470.608,471.058,590.949,594.64125,590.499,599.058,2645.884525,890.06625,1475.48695,555.97,473.2531,1007.13975,906.453,441.578,2204.93845,549.65571875,541.959875,1296.03303438,1153.2631,356.05,356.05,1566.75675875,532.7891,1313.6141,1952.331275,1444.92875,817.25811375,1919.4981,926.1041,1348.6012625,1104.9735,698.5041,473.596,501.969,396.78,359.65,1389.41373125,398.319,437.258,328.01,691.26,891.81,357.76,724.43,428.924,434.4491,357.76,361.81,358.66,473.2531,363.799,680.2345,493.41,536.408,464.515,366.58,358.66,661.375,1021.36216875,634.5176,498.215775,608.2875,1473.7365625,662.158,522.899,566.2291,394.449,689.5941,595.3941,595.3941,360.01,360.01,520.46,520.46,428.249,868.8217
meanDeviation,210.498,210.498,443.4111,379.83774,507.2241,354.382356938,179.9841768,278.078352,363.41034,288.15,361.43175,176.43,680.54769,597.1065,301.749,572.7006,229.8531,400.479,523.6506,188.1372,305.448,340.19469,211.77969,240.759,229.8531,227.019,284.859,286.54875,284.409,288.558,1241.1075,435.48485625,713.46369,272.559,232.72869,483.354,435.159,207.069,1063.0893,259.008,260.169,628.8161475,555.51,168.6,168.6,738.64869,283.27413912,639.1041,927.4047,698.32995,425.48411925,918.70119,445.7481,651.22269,530.7291,338.48469,227.145,244.773,193.23,171.75,657.54843,193.608,218.8482,159.63,333.99,419.4,170.31,351.87,208.2615,215.480715,173.01,167.7,174.72,232.72869,179.4441,323.679,240.48,260.529,228.09,178.4091,174.72,318.09,491.5845,303.63,241.335,299.1231,718.6125,316.209,252.249,276.84219,190.359,346.44969,299.47869,299.47869,172.92,172.92,254.22,254.22,207.159,427.56969
product,140.143,140.143,292.59,253.0085,329.729,179.9841768,165.04913133,188.975221,234.6736,190.9,241.52,119.9225,452.1255,398.6695,201.61,391.878,149.9225,265.075,358.278,131.972260696,201.16,225.3441,143.9041,160.17,149.9225,151.07,192.42,191.97,192.87,191.97,841.04,293.1066,477.9206,187.109,153.9941,327.099,292.86,135.728275,706.9178,169.504,171.07,412.2515,369.8,114.5,114.5,492.7006,195.8413768,426.739,611.11525,458.95525,274.867550696,618.3831,303.823,431.6755,356.8191,231.0141,149.27,159.9225,131.07,116.75,429.91285,130.048275,148.3258,108.70975,224.4045,280.305,114.5,237.28,141.88,142.1941,115.355,111.8,118.775,153.9941,123.9941,213.5225,162.6225,171.7225,151.7225,114.05,118.775,212.897,325.64775,204.4945,165.579,194.3325,472.589,210.71,170.71,186.3566,127.47,232.8141,203.5431,203.5431,117.47,117.47,170.665,170.665,139.27,287.2241
weightedMean,215.299,215.299,494.147418727,420.721145,539.0927,278.078352,188.975221,374.195092704,382.983175,307.15,384.83,192.348275,733.683165,644.308,322.3285,646.557921,241.6715,425.029,589.908921,204.60119,321.109,368.2281,227.0431,260.934,241.6715,243.224,308.0385,306.819,309.258,306.819,1364.927375,471.640275,776.9027,297.254,246.5531,528.3516,475.902,215.2225,1137.23879,275.706895,279.229,674.96999,585.83,178.7,178.7,793.3336,311.2881439,689.8636,978.9382,739.6312,432.48606,1006.8843,497.679721,701.53129,572.1171,380.1612,240.38,258.34875,212.844,185.999,690.2236,206.9715,240.73025275,170.8225,349.725,446.355,180.41,379.144,234.64369,226.1431,181.76,177.8,185.27,246.5531,196.2275,346.5815,262.9815,278.75875,246.558275,180.86,185.27,334.8275,529.2957,322.54,261.96,317.1015,762.27905,335.759,270.859,306.0497,204.609,369.0426,326.0916,326.0916,186.17,186.17,269.68,269.68,225.019,467.70815
autoCorrelation,297.925,297.925,666.5880069,553.94894,762.44310875,363.41034,234.6736,382.983175,646.675270616,434.569,527.42,251.27,971.368940625,851.719,432.049,827.3556,325.559,575.659,758.2056,265.27769,436.099,488.54469,302.32969,353.4531,325.559,326.009,409.959,412.659,409.959,414.009,1815.040625,620.5041,1023.01619,387.959,330.17969,701.21694,624.21525,301.885,1525.91057,390.780721,374.39875,916.8519455,802.103,244.7,244.7,1063.3042525,395.0161489,926.016721,1333.586275,993.740275,604.23716886,1321.05369,646.3831,927.201625,764.397375,488.13969,323.5480625,354.0741,277.23,246.5,970.7520985,284.6631,306.718,227.47,478.929,609.21,248.21,500.47,301.669,305.43469,249.11,250.91,249.02,330.17969,254.6441,466.019,341.97,372.259,322.67,253.07,249.02,451.52,707.80269,446.88379,345.48,421.569,1027.9055705,462.0041,364.249,396.17969,275.709,492.356721,421.23969,421.23969,249.47,249.47,362.71,362.71,299.509,623.63217191
binarySearchFromTo,251.95,251.95,521.1,441.95,618.8,288.15,190.9,307.15,434.569,672.013531389,444.65,211.7,805.07625,713.35,368.2,692.1,271.85,486.61,639.015,212.6,367.75,409.35,252.85,290.4,271.85,271.85,350.1,350.1,349.65,349.65,1538.765,521.91,851.12,328.4,271.85,582.96,520.65,261.332275,1262.18,316.78,308.5,736.87925,685.16,216.11,216.11,888.085,316.969,803.569,1112.90125,824.875,460.95,1096.7025,541.1575,767.07625,634.97625,405.3,267.8,295.17,233.4,212.15,779.62,243.59925,252.31,192.7,421.68,559.30158,220.52,427.72,252.4,253.3,219.62,218.405,216.92,271.85,211.7,386.3,288.15,309.85,267.8,214.85,216.92,388.01,574.95,370.405,288.6,346.95,851.57,396.38,317.32,328.85,242.13,410.52,348.3,348.3,220.43,220.43,310.3,310.3,261.13,509.57
quantile,311.699,311.699,647.01225,559.555,767.05,361.43175,241.52,384.83,527.42,444.65,662.607576156,262.99225,1011.805275,898.925,453.83,873.513,340.443025,599.0525,799.113,261.955,457.263275,500.685,314.075,359.175,340.443025,338.1325,429.12,428.84825625,430.875,432.553275,1900.255,649.7415,1067.02375,403.8025,339.653275,719.484,646.8975,315.942725,1569.292525,388.6541,382.58,903.1825,841.198,258.85,258.85,1110.66125,385.73,944.70725,1412.19299,1039.7033,574.5675,1385.88,680.21825,964.005275,794.575875,515.7285,332.26,362.01225,286.9125,265.465,960.92975,286.508625,310.565,239.09225,503.76975,648.645525,260.56,529.814,314.885,311.64325625,262.1125,270.8641,261.3025,339.653275,262.2025,482.975875,361.045875,385.82225,334.19725,267.143275,261.3025,487.801,720.66975,458.1725,362.7165,435.548025,1051.21575625,478.09,379.97,414.2026975,284.865,501.8325,429.4125,429.4125,260.155,260.155,380.6225,380.6225,308.765,621.4225
sumOfLogarithms,147.5,147.5,322.59969,271.15975,361.81,176.43,119.9225,192.348275,251.27,211.7,262.99225,190.523964359,539.053473,493.8940379,243.986411,457.86163408,193.7323909,311.615411,410.51869363,134.23,238.27889,257.18379,167.89328,200.3748699,193.7323909,188.0931799,236.5622289,230.376411,233.46931995,230.376411,926.15038,386.41152932,556.657972,225.325411,183.766411,355.659,343.5348699,147.86,766.309,182.66,217.7667878,441.94,435.87709,137.2072,137.2072,577.178912,191.81975,470.699,709.466102,542.956352,281.19,718.541727,342.722315,516.828473,423.781131,270.49541863,188.9248699,203.007504,157.85889,145.3026505,488.635622,141.909,160.0541,142.359032,248.559,317.979,138.9172,277.8884,182.90447133,166.99328,139.8172,124.51,148.841752,183.766411,155.1522289,269.3557498,215.918761305,221.8591598,232.890864738,137.2072,148.841752,240.979,396.056202,239.17889,200.98090515,246.9057498,534.8203,248.37889,206.08889,226.948570005,160.982952,270.96738,242.669511,242.669511,149.982952,149.982952,202.66889,202.66889,178.8248699,328.6303
kurtosis,564.9225,564.9225,1225.8268875,1053.144165,1415.84925,680.54769,452.1255,733.683165,971.368940625,805.07625,1011.805275,539.053473,2289.27687406,1860.27061498,877.21278,1725.14477308,684.352185109,1168.64294722,1550.53416044,506.43219,882.594051,972.038718,613.603817227,740.91008805,684.352185109,671.2346649,834.747822,845.4432078,832.745322,840.6073899,3575.013681,1340.38088415,2118.71000987,812.7525909,676.888392405,1364.71185,1265.2687359,561.975,2944.39395,706.360874719,802.489738318,1716.50727469,1618.531851,492.6144,492.6144,2174.79161387,727.89585,1783.068,2753.48160102,2106.15570102,1085.34029063,2968.68184159,1337.97874066,2178.48670439,1721.76056628,1001.8552608,700.4176653,713.9851578,570.53178,513.92028,1880.70925371,523.6425,597.09885,484.171161,944.98038495,1203.7562055,494.4144,1038.8769,633.84833391,617.258861002,507.2385,468.3,522.00066,676.888392405,539.0535909,981.88007835,748.951146,790.53464535,717.6487107,512.0528799,522.00066,897.6045,1529.86025174,881.45088,739.59288525,908.002848019,2047.53,911.355051,735.14778,814.2757419,559.57896,988.267032,872.5095909,872.5095909,517.57896,517.57896,739.96188,739.96188,617.906202,1223.1264
pooledMean,498.325,498.325,1079.363025,926.28185,1234.7285,597.1065,398.6695,644.308,851.719,713.35,898.925,493.8940379,1860.27061498,1969.2473837,790.78303,1526.73525473,619.603379402,1043.24913724,1374.85025273,445.3805,787.91018545,855.94296,551.013691,664.510501459,619.603379402,614.22583437,752.418072,764.01043002,751.023072,750.238757955,3124.25666,1198.317789,1892.90047391,722.424572,600.438757955,1200.81,1133.15696636,497.9875,2598.7205,617.974,731.108913068,1502.822,1440.49548545,438.9644,438.9644,1935.36609391,642.958,1589.142775,2503.16667269,1932.18267269,958.2936,2542.20356244,1178.01849176,1786.27061498,1447.21468842,900.225239475,629.84859791,641.3930043,510.60153,466.55903,1760.39032014,470.5266,524.76475,497.981490021,848.9015625,1077.1966575,442.4744,931.7506,568.65106291,546.29806,457.0049,411.5,472.195532,600.438757955,480.516572,898.273333021,690.4025358,730.736652433,661.20163961,447.9419,472.195532,812.9315,1431.39208669,787.43053,685.460579254,821.996463312,1824.39575,812.55768545,657.13678,736.388594,508.1960568,883.54731,779.611572,779.611572,466.022432,466.022432,663.82828,663.82828,561.53206291,1091.02715
add,256.0,256.0,536.598,458.10725,622.049,301.749,201.61,322.3285,432.049,368.2,453.83,243.986411,877.21278,790.78303,525.049413457,747.097101,299.51789,533.68486,674.7575505,223.31,479.02972457,428.7621,285.390058,320.13789,299.51789,307.10858,428.046818831,388.17468,400.634298166,388.17468,1572.04979,584.902611,918.77039,375.53858,305.56958,606.459,563.98689,253.615,1317.348875,313.72,344.37958,752.969,763.53029,231.3272,231.3272,955.08199,324.664,816.3211,1181.57359,892.97359,476.61,1191.03303,574.2449875,839.21278,699.41229,439.215438,298.69889,316.7862,267.56958,254.180198166,810.43789,240.654,263.659,215.8372,441.6582,554.346,235.6472,482.60758,281.5716505,280.7374,244.5284,214.31,245.4284,305.56958,254.5646078,425.28458,331.157055727,343.54789,309.648101,237.5984,245.4284,418.997,639.08778,409.56058,320.39889,385.97958,920.31758,431.621201,358.141201,359.9575505,256.2762,471.94509,410.00427,410.00427,234.8372,234.8372,368.2459699,368.2459699,281.32789,562.84658
cosineDistance,483.759,483.759,1048.9062375,919.343511,1185.9291,572.7006,391.878,646.557921,827.3556,692.1,873.513,457.86163408,1725.14477308,1526.73525473,747.097101,1764.75692856,559.942722,976.696542,1483.95884335,433.90719,737.87958,826.405092,518.925852,612.082044,559.942722,559.798542,713.6743599,703.978542,719.3201778,703.978542,3198.281031,1126.42066782,1773.5395608,689.9826078,565.1787078,1166.6961,1093.141512,477.5175,2521.44639,597.24,655.189344,1454.58279,1355.07798,422.5662,422.5662,1815.3538398,638.4852,1555.7301,2268.57210282,1712.45647782,911.4255,2379.3806114,1156.18214711,1651.91852308,1347.71251034,914.542668463,565.323102,590.21028,485.78958,444.275622,1548.9771498,451.9665,513.201375,398.07648,797.157,1022.868,418.4172,875.2158,563.477295167,513.975852,423.6372,401.4,432.41328,565.1787078,459.70989291,809.161344,635.4768618,650.878902,591.88025608,418.4172,432.41328,763.182,1236.32140482,739.04058,615.318912,737.881344,1719.1845,774.77958,625.55958,721.530051668,470.64348,836.138952,742.1898078,742.1898078,432.20448,432.20448,622.04058,622.04058,522.070722,1045.8486
manhattanDistance,190.01,190.01,405.018,342.6775,470.608,229.8531,149.9225,241.6715,325.559,271.85,340.443025,193.7323909,684.352185109,619.603379402,299.51789,559.942722,282.851844447,406.77815501,506.058411,167.23,312.45627191,323.52279,209.33228,257.614108509,282.851844447,247.384312548,288.615411,292.573007102,287.715411,302.849977509,1168.74013,441.656497687,706.62005302,275.515411,244.239977509,449.295,442.835740448,192.08,975.817,239.219,281.754066918,566.1595,552.7113799,170.2072,170.2072,733.94896802,243.4715,591.779,907.712751755,691.986726755,356.5425,900.2867109,428.00504,656.127185109,529.44726045,330.968661,234.498732955,252.8426568,194.75889,176.34889,624.908899955,181.9041,197.84,172.359032,311.649,399.519,173.6272,343.9784,223.63146191,210.12203,174.5272,160.21,181.841752,244.239977509,183.766411,351.515851668,258.0057498,285.552025558,246.468761305,176.0662,181.841752,301.069,497.249960955,297.16889,247.67065515,350.955533596,668.519725,321.7521799,256.52789,275.383192,202.1565768,335.11128,296.913411,296.913411,182.982952,182.982952,252.37889,252.37889,223.42896191,405.4252
chebyshevDistance,348.9031,348.9031,711.279,607.7825,835.217,400.479,265.075,425.029,575.659,486.61,599.0525,311.615411,1168.64294722,1043.24913724,533.68486,976.696542,406.77815501,839.06512243,885.109821,294.53,548.8995778,570.43569,363.08323,425.0453289,406.77815501,418.14661391,504.411201,509.162661202,502.903701,520.53468291,2083.910411,766.373913,1224.85170251,485.055101,414.82958291,803.28,759.12518601,337.5325,1757.192252,424.228,462.44791885,1009.9625,989.3984978,307.492952,307.492952,1269.44884501,427.729,1079.7391,1553.53877648,1175.74877648,633.560775,1571.8027899,746.52919,1118.64294722,923.81830773,568.842321,393.41586995,416.20128,340.64958,307.84208,1087.5099162,313.2615,350.65,278.31328,562.39869,716.526,302.7884,625.148722,363.604411,363.59848,312.52568,284.81,318.60176,414.82958291,318.657101,580.18731701,425.340042,467.20518601,402.52800095,304.4984,318.60176,531.338,847.890776977,533.994622,422.059911,523.81028601,1205.06933,607.807208469,454.90927,464.589821,335.49348,591.65148,525.182301,525.182301,308.05448,308.05448,450.965101,450.965101,371.006101,728.92658
tanimotoDistance,442.509,442.509,960.0267375,840.623511,1087.6791,523.6506,358.278,589.908921,758.2056,639.015,799.113,410.51869363,1550.53416044,1374.85025273,674.7575505,1483.95884335,506.058411,885.109821,1415.12826351,396.85719,667.94379,753.097716,471.829821,548.864622,506.058411,505.855821,645.49372995,638.440821,648.4966389,638.440821,2849.513061,1008.63636287,1609.94056035,620.9811489,510.6312489,1067.0166,983.522511,438.5175,2298.36279,546.63,585.220722,1331.31279,1224.64299,387.1272,387.1272,1645.2136599,583.4652,1422.1806,2059.65346191,1548.17783691,833.1255,2144.71521996,1060.02930155,1483.30791044,1214.60272462,824.500460443,506.818101,537.48459,438.96879,397.852311,1405.5759699,415.0665,467.671875,361.65579,730.152,936.603,383.3031,790.9224,502.889107658,467.779821,386.3631,367.5,393.64869,510.6312489,411.754291455,725.842722,562.2409809,584.618901,525.00300463,381.1431,393.64869,698.727,1108.13316291,668.15979,552.965256,660.562722,1559.87625,704.73279,568.49379,649.588276658,432.09279,755.566371,666.2467989,666.2467989,396.65379,396.65379,562.00479,562.00479,475.056411,945.04035
sum,150.83,150.83,339.019821,287.1136,367.129,188.1372,131.972260696,204.60119,265.27769,212.6,261.955,134.23,506.43219,445.3805,223.31,433.90719,167.23,294.53,396.85719,198.821144809,222.41,249.198,158.453,176.97,167.23,168.22,214.02,213.12,213.57,213.12,927.295,324.3105,532.6495,209.779,171.298,381.601752,328.338,153.7541,812.803252,190.058,190.22,479.212852,412.288,125.5,125.5,546.977,203.5085,479.429,679.39595,515.31845,338.476940391,686.1345,338.41469,484.20719,395.6205,252.753,165.52,178.23,148.569,128.65,488.7332,150.8982,174.6233,122.069,256.4331,312.93,125.5,267.389,155.6225,157.598,127.21,122.8,131.53,171.298,138.298,238.63,181.38,191.93,169.93,125.5,131.53,238.279,368.7072,233.97869,181.62975,218.25,538.31428,232.51,188.51,206.2105,140.82,253.698,224.208,224.208,129.82,129.82,186.71,186.71,154.52,329.25769
dec,258.61,258.61,536.409,458.1725,630.158,305.448,201.16,321.109,436.099,367.75,457.263275,238.27889,882.594051,787.91018545,479.02972457,737.87958,312.45627191,548.8995778,667.94379,222.41,519.829413457,428.7621,279.2299,324.045411,312.45627191,314.0036078,388.17468,396.921798166,386.66718,422.826818831,1568.83454,580.51281375,923.8994549,371.38958,340.221718831,605.595,568.9721799,255.37,1315.9946,319.669,350.6908615,760.2995,773.5645799,230.4272,230.4272,959.7342799,323.809,804.028,1189.13964272,899.774642725,479.0625,1185.146301,566.4646,844.594051,700.4688405,432.49629,300.6526505,316.7862,263.42058,240.21308,820.493342725,238.899,262.93,214.0372,430.0941,547.137,234.7472,475.84858,278.26789,281.677558,241.9184,216.11,242.8184,340.221718831,243.52058,434.3738699,324.04308,350.9721799,306.3443405,244.012952,242.8184,404.75,646.236993225,407.04058,320.73864,399.77296191,912.7975625,440.7554909,357.241201,354.04379,255.3762,465.1644,403.22358,403.22358,233.9372,233.9372,365.6359699,365.6359699,280.42789,552.81689
errorRate,287.688,287.688,605.4381,515.049,697.1541,340.19469,225.3441,368.2281,488.54469,409.35,500.685,257.18379,972.038718,855.94296,428.7621,826.405092,323.52279,570.43569,753.097716,249.198,428.7621,680.46068381,306.25684401,353.08152,323.52279,322.22769,407.12769,406.67769,406.67769,407.12769,1782.93408473,645.8610168,1025.83317912,393.125721,331.21684401,671.328,619.56279,280.56,1459.0311,350.625,376.35348,846.3381,793.0923,250.8711,250.8711,1060.35462912,366.05469,908.8581,1299.413622,984.959247,535.7241,1314.29687112,637.072716,930.438093,766.7964378,502.791405219,330.2362905,349.176411,276.6231,247.3431,907.70283912,264.609,293.169,232.67379,461.349,608.724135,247.7931,504.165,303.915585,308.89150181,250.4031,235.005,254.98869,331.21684401,262.1910489,463.05348,351.11448,374.19348,331.01448,249.43479,254.98869,442.779,711.3062925,425.9181,348.78888,421.86348,990.4173,454.6401,364.0521,412.787644719,285.20838,498.44704401,432.26194401,432.26194401,261.76938,261.76938,363.7182,363.7182,309.71838,598.99569
scale,174.355,174.355,374.0031,321.0815,430.8941,211.77969,143.9041,227.0431,302.32969,252.85,314.075,167.89328,613.603817227,551.013691,285.390058,518.925852,209.33228,363.08323,471.829821,158.453,279.2299,306.25684401,253.361516547,220.98228,209.33228,214.18598,274.956138,268.79598,278.923032,268.79598,1084.3556,403.9125768,652.479916689,261.615452,224.61533912,419.979,392.12478,176.02,915.01685,215.11,235.78228,522.7631,501.4364,159.6572,159.6572,679.510947689,230.98969,559.4281,824.04366595,623.89116595,329.9091,846.590930157,411.951606227,587.603817227,498.294230755,315.68884401,205.54328,223.23228,184.8909,175.087952,571.916296919,168.969,183.409,155.0798455,300.51565275,377.009775,163.0772,324.832975,196.33228,209.81533912,168.596675,147.41,172.872755,224.61533912,180.0590768,293.09228,226.94478,237.13228,208.69328,164.8709,172.872755,286.68455,445.37366595,279.033925,226.476411,265.74228,623.4512,288.7262,237.5362,257.81184401,181.08228,326.95533912,286.24533912,286.24533912,165.64328,165.64328,238.006675,238.006675,195.88228,383.96939
eucleadianDistance,201.3,201.3,434.583,370.074,503.42671875,240.759,160.17,260.934,353.4531,290.4,359.175,200.3748699,740.91008805,664.510501459,320.13789,612.082044,257.614108509,425.0453289,548.864622,176.97,324.045411,353.08152,220.98228,338.994977475,257.614108509,254.090977509,303.105411,304.84831995,302.655411,307.4912289,1272.4387635,493.368462,751.7034399,291.615411,246.5912289,478.7595,463.740358509,201.21,1037.784,264.056721,315.268403225,611.7134475,597.580401,180.3072,180.3072,779.2110024,260.979,634.479,958.40691045,730.62816045,387.2241,986.79851991,463.86456,709.730751121,576.090539955,361.259622,260.626057455,262.3065768,205.85889,185.99889,665.21323545,191.7441,209.58,178.532952,332.388,426.429,182.9172,371.3244,241.23648291,220.98228,186.3372,167.7,193.651752,246.5912289,193.866411,374.346349419,279.7710498,307.947349419,266.544912855,182.9172,193.651752,316.38,557.215501459,315.17889,272.7571869,339.702349419,718.65345,335.625411,270.81789,293.752101,214.6065768,362.05128,317.433411,317.433411,194.432952,194.432952,270.89889,270.89889,236.87896191,437.6712
distance1,190.01,190.01,405.018,342.6775,470.608,229.8531,149.9225,241.6715,325.559,271.85,340.443025,193.7323909,684.352185109,619.603379402,299.51789,559.942722,282.851844447,406.77815501,506.058411,167.23,312.45627191,323.52279,209.33228,257.614108509,282.851844447,247.384312548,288.615411,292.573007102,287.715411,302.849977509,1168.74013,441.656497687,706.62005302,275.515411,244.239977509,449.295,442.835740448,192.08,975.817,239.219,281.754066918,566.1595,552.7113799,170.2072,170.2072,733.94896802,243.4715,591.779,907.712751755,691.986726755,356.5425,900.2867109,428.00504,656.127185109,529.44726045,330.968661,234.498732955,252.8426568,194.75889,176.34889,624.908899955,181.9041,197.84,172.359032,311.649,399.519,173.6272,343.9784,223.63146191,210.12203,174.5272,160.21,181.841752,244.239977509,183.766411,351.515851668,258.0057498,285.552025558,246.468761305,176.0662,181.841752,301.069,497.249960955,297.16889,247.67065515,350.955533596,668.519725,321.7521799,256.52789,275.383192,202.1565768,335.11128,296.913411,296.913411,182.982952,182.982952,252.37889,252.37889,223.42896191,405.4252
distanceInf,190.01,190.01,404.829,345.96475,471.058,227.019,151.07,243.224,326.009,271.85,338.1325,188.0931799,671.2346649,614.22583437,307.10858,559.798542,247.384312548,418.14661391,505.855821,168.22,314.0036078,322.22769,214.18598,254.090977509,247.384312548,286.451844447,297.106101,297.624613702,294.646851,304.90989291,1167.12454,432.761886,704.38473751,286.464622,246.29989291,456.9,450.673503487,190.37,985.1905,238.769,278.724725419,570.2095,555.4113799,170.2072,170.2072,728.60615501,245.924,604.9721,884.935828977,674.265328977,356.76975,909.813646837,429.52244,643.2346649,534.80982495,330.185571,231.691322455,251.2494768,204.808101,181.48033,620.913007102,181.0941,200.54,166.131752,317.9031,404.478,173.6272,353.95958,220.84227191,214.18598,177.3784,160.21,185.592952,246.29989291,193.815622,349.266398597,252.1243578,288.916864736,240.102750355,177.3784,185.592952,302.689,488.611279477,304.75958,247.2229299,314.521207658,687.044911,323.5521799,258.32789,270.245821,199.3053768,344.03856,308.762622,308.762622,180.131752,180.131752,256.72058,256.72058,220.88727191,420.694411
ebeAdd,240.3,240.3,512.208,436.90725,590.949,284.859,192.42,308.0385,409.959,350.1,429.12,236.5622289,834.747822,752.418072,428.046818831,713.6743599,288.615411,504.411201,645.49372995,214.02,388.17468,407.12769,274.956138,303.105411,288.615411,297.106101,447.678361144,403.910015765,417.754901328,403.910015765,1490.42979,547.0694289,874.033011,360.826101,295.567101,579.969,540.174411,241.515,1249.558875,297.72,327.778542,714.879,695.64609,218.6172,218.6172,909.745101,311.274,773.6211,1116.501111,843.801111,449.73,1138.068072,549.2105775,798.747822,668.745891,421.05161745,282.666411,304.35228,255.65958,241.470198166,770.025411,230.364,253.359,207.50328,413.7282,521.658,223.7472,450.68958,271.90831995,270.30348,227.4984,205.92,232.67448,295.567101,248.47089291,405.583542,315.999638102,326.415411,295.5253599,223.9884,232.67448,396.297,602.915301,384.44058,304.266411,368.278542,866.86758,404.70858,336.76758,344.89372995,245.94228,435.85317,387.955791,387.955791,225.50328,225.50328,328.55058,328.55058,271.425411,530.99658
ebeDivide,240.9525,240.9525,512.469,435.015,594.64125,286.54875,191.97,306.819,412.659,350.1,428.84825625,230.376411,845.4432078,764.01043002,388.17468,703.978542,292.573007102,509.162661202,638.440821,213.12,396.921798166,406.67769,268.79598,304.84831995,292.573007102,297.624613702,403.910015765,442.458361144,402.402515765,414.042401328,1489.22379,546.460506,877.175828977,356.677101,304.845009151,578.25,539.407628977,241.3125,1240.224525,300.492,334.80726885,721.728,699.131542725,217.7172,217.7172,907.875818977,310.419,761.328,1124.24219001,851.83469001,453.24,1142.4139578,541.43019,809.4432078,676.3817889,414.093321,287.9522289,302.84478,251.51058,227.50308,784.07346501,228.609,251.775,205.70328,401.7141,514.449,222.8472,443.48058,268.365411,276.718032,224.8884,206.82,230.06448,304.845009151,236.518101,408.065759977,308.442042,328.087628977,294.6253599,224.928558,230.06448,381.6,617.51837601,381.02058,307.065411,373.946138102,866.95758,407.744032725,335.86758,338.740821,245.04228,429.07248,381.175101,381.175101,224.60328,224.60328,325.94058,325.94058,270.525411,520.51689
ebeMultiply,239.85,239.85,510.5385,439.7715,590.499,284.409,192.87,309.258,409.959,349.65,430.875,233.46931995,832.745322,751.023072,400.634298166,719.3201778,287.715411,502.903701,648.4966389,213.57,386.66718,406.67769,278.923032,302.655411,287.715411,294.646851,417.754901328,402.402515765,444.663361144,402.402515765,1490.22729,543.97651995,872.298261,358.366851,294.059601,577.3995,537.265161,241.92,1246.72725,297.72,327.328542,715.329,695.19609,218.1672,218.1672,908.707851,312.129,766.541025,1115.893611,842.451111,449.28,1136.268072,551.28924,796.745322,666.135891,426.4256889,282.216411,303.04728,253.20033,265.867718831,769.125411,230.769,252.1395,206.60328,406.360125,516.79125,223.2972,446.27283,274.1012289,268.79598,225.9909,205.92,231.16698,294.059601,241.185613703,405.538542,325.376608509,325.110411,292.43245095,222.4809,231.16698,387.56925,601.565301,382.07808,304.266411,367.378542,858.7488375,404.25858,336.31758,345.7816389,245.49228,431.7664275,383.8690485,383.8690485,225.05328,225.05328,327.04308,327.04308,270.975411,524.8353375
ebeSubtract,242.91,242.91,512.019,436.9725,599.058,288.558,191.97,306.819,414.009,349.65,432.553275,230.376411,840.6073899,750.238757955,388.17468,703.978542,302.849977509,520.53468291,638.440821,213.12,422.826818831,407.12769,268.79598,307.4912289,302.849977509,304.90989291,403.910015765,414.042401328,402.402515765,442.458361144,1487.21454,542.20133475,880.07084001,356.677101,331.86410287,579.105,546.06846501,243.27,1248.2046,303.669,334.80726885,722.2095,705.6803799,217.7172,217.7172,915.30615501,310.419,761.328,1124.41392898,850.948928978,452.1825,1132.6596399,541.43019,804.6073899,670.04158995,414.093321,284.85931995,304.35228,251.51058,227.50308,780.427628977,228.609,252.63,205.70328,402.1641,514.449,222.8472,443.93058,268.365411,271.243638,224.8884,207.72,230.06448,331.86410287,236.518101,415.58159601,308.442042,334.74846501,291.98245095,230.402952,230.06448,382.05,610.411279478,381.92058,304.606161,383.368108509,859.3475625,413.8428699,335.86758,338.740821,245.04228,429.07248,381.175101,381.175101,224.60328,224.60328,325.94058,325.94058,270.525411,520.96689
safeNorm,1064.507,1064.507,2277.78215625,1959.8944,2645.884525,1241.1075,841.04,1364.927375,1815.040625,1538.765,1900.255,926.15038,3575.013681,3124.25666,1572.04979,3198.281031,1168.74013,2083.910411,2849.513061,927.295,1568.83454,1782.93408473,1084.3556,1272.4387635,1168.74013,1167.12454,1490.42979,1489.22379,1490.22729,1487.21454,9153.72496709,2305.57284,3714.85693,1427.49379,1171.17454,2525.28027,2385.36068738,1054.3325,5477.27638525,1314.723125,1346.683385,3186.861145,2894.72833,914.32879,914.32879,3868.248905,1348.1525,3336.044,4850.79171305,3631.70409118,2002.130625,4838.789202,2362.62779,3401.441681,2782.156701,1789.506411,1177.75183,1244.9307,1017.08979,914.92729,3328.93958,982.68,1092.84755,835.3232,1720.914,2234.079,902.2282,1851.67283,1101.063911,1081.0031,906.1432,892.51,913.3432,1171.17454,928.58479,1681.9918225,1269.26526,1343.03033,1184.47276,900.6856,913.3432,1652.515,2580.86462541,1576.95479,1273.996335,1519.85151,3678.22189,1659.392161,1324.17038,1441.99288,1000.0158,1782.02526,1537.159212,1537.159212,920.0158,920.0158,1340.826212,1340.826212,1091.83847,2194.78789
entropy,373.2417,373.2417,785.37519,667.32525,890.06625,435.48485625,293.1066,471.640275,620.5041,521.91,649.7415,386.41152932,1340.38088415,1198.317789,584.902611,1126.42066782,441.656497687,766.373913,1008.63636287,324.3105,580.51281375,645.8610168,403.9125768,493.368462,441.656497687,432.761886,547.0694289,546.460506,543.97651995,542.20133475,2305.57284,1113.78307069,1378.26862371,534.9593799,440.62219566,871.173,818.764776,359.6175,1894.502475,450.252,519.960402,1093.9095,1104.0972489,368.085445281,368.085445281,1408.50358371,469.11285,1183.13658,1761.00407415,1347.16719915,696.0366,1798.38990261,846.678429,1285.37963415,1050.76026171,663.175059732,456.667281,464.832432,373.44609,341.0198505,1207.66871871,338.085,383.9706,321.28146,611.046,781.2621,333.1656,685.4598,420.468565702,405.0420768,342.2556,300.6,350.04168,440.62219566,362.158177509,639.947619,502.3221219,530.1093879,508.356698736,330.360525,350.04168,582.0615,991.3203729,576.12609,488.31076125,586.464319687,1328.98725,613.824669,496.381842,544.246649106,376.80408,667.0446768,579.93757191,579.93757191,349.80408,349.80408,492.43509,492.43509,412.777701,808.5258
g,595.1615,595.1615,1286.08785,1103.8486,1475.48695,713.46369,477.9206,776.9027,1023.01619,851.12,1067.02375,556.657972,2118.71000987,1892.90047391,918.77039,1773.5395608,706.62005302,1224.85170251,1609.94056035,532.6495,923.8994549,1025.83317912,652.479916689,751.7034399,706.62005302,704.38473751,874.033011,877.175828977,872.298261,880.07084001,3714.85693,1378.26862371,2545.3905846,851.1763699,719.494638797,1441.40775,1329.45317316,592.8935,3106.59685,742.07,812.59959035,1803.3316,1716.66362972,512.7262,512.7262,2468.56729224,777.64088,1912.975475,2806.20582098,2132.98819598,1136.7246,2896.97001006,1378.44464426,2029.25875987,1668.85656372,1051.61553097,700.93021045,734.61216,597.70239,536.94664,1955.54064829,554.451,630.22325,500.771222,989.00619,1262.2671,516.6412,1089.167,653.469422,648.79382912,529.1953,493.78975,541.96648,719.494638797,565.86146191,1017.82929027,771.804406155,819.03856052,724.3421719,523.0087,541.96648,956.962321,1543.51470948,922.09724,759.337629375,925.81247502,2140.02595,956.9194549,768.17189,862.670874619,583.34658,1042.45482912,923.032144719,923.032144719,536.90758,536.90758,771.13199,771.13199,642.440201,1290.16189
calculateAbsoluteDifferences,230.0,230.0,491.229,421.433275,555.97,272.559,187.109,297.254,387.959,328.4,403.8025,225.325411,812.7525909,722.424572,375.53858,689.9826078,275.515411,485.055101,620.9811489,209.779,371.38958,393.125721,261.615452,291.615411,275.515411,286.464622,360.826101,356.677101,358.366851,356.677101,1427.49379,534.9593799,851.1763699,420.729703555,287.6938699,562.749,524.009511,225.05,1205.1295,282.62,317.727542,692.809,690.66919,210.2272,210.2272,881.4329009,302.10455,745.86569,1070.7793799,817.0843799,433.569,1099.4281098,523.130471,778.7525909,648.2716599,402.2908989,274.615411,287.81328,261.23669601,222.13933,742.2721799,213.36,247.37,198.40328,388.9131,493.038,215.1862,447.175301,258.470411,260.512952,218.9374,195.82,225.91348,287.6938699,240.6013909,390.677542,303.317292,313.925411,285.437542,211.2784,225.91348,366.379,595.8000699,372.28958,302.2463289,362.8084599,853.5474289,385.84789,321.26789,329.4511489,234.11328,434.439132,385.1073909,385.1073909,217.11328,217.11328,316.78958,316.78958,259.415411,528.7374289
calculateDifferences,190.01,190.01,408.5631,348.1315,473.2531,232.72869,153.9941,246.5531,330.17969,271.85,339.653275,183.766411,676.888392405,600.438757955,305.56958,565.1787078,244.239977509,414.82958291,510.6312489,171.298,340.221718831,331.21684401,224.61533912,246.5912289,244.239977509,246.29989291,295.567101,304.845009151,294.059601,331.86410287,1171.17454,440.62219566,719.494638797,287.6938699,287.230990097,460.464,437.88846501,190.37,995.0887,238.769,269.90726885,575.5636,555.4113799,170.2072,170.2072,744.741394797,250.49969,604.2431,897.601786605,684.136786605,359.1066,919.710469194,434.042321,648.888392405,543.161394709,339.478659609,227.95931995,241.74228,202.52058,180.89308,631.120480498,179.709,202.079,163.09328,316.3641,402.939,173.6272,354.04058,213.755411,227.06299712,177.3784,160.21,182.55448,287.230990097,198.12896191,334.68159601,247.542042,269.84846501,235.08245095,183.792952,182.55448,301.15,495.599137105,302.41058,244.516161,311.278108509,684.7065625,323.5521799,258.32789,280.126159609,193.53228,351.09183912,316.580644719,316.580644719,177.09328,177.09328,256.72058,256.72058,214.205411,420.95758
computeDividedDifference,406.038,406.038,889.2124614,761.8002,1007.13975,483.354,327.099,528.3516,701.21694,582.96,719.484,355.659,1364.71185,1200.81,606.459,1166.6961,449.295,803.28,1067.0166,381.601752,605.595,671.328,419.979,478.7595,449.295,456.9,579.969,578.25,577.3995,579.105,2525.28027,871.173,1441.40775,562.749,460.464,1212.04094076,890.5662,402.6225,2223.26270124,506.2395,519.699,1268.37858912,1122.0621,338.91,338.91,1488.798525,528.654,1305.057,1843.10673375,1388.6298525,776.69028,1867.45275,908.4621,1304.26185,1075.205475,678.8835,446.4825,478.17,400.887,348.6795,1285.4172,382.2066,442.776,316.11,677.736,862.8471,339.81,724.017,414.8895,420.789,342.51,334.5,349.62,460.464,366.828,651.088275,485.5995,517.8,456.279,341.655,349.62,638.979,988.43679,612.2982,487.17,590.355,1463.1608175,633.3,508.53,548.7585,377.82,681.048,599.958,599.958,346.92,346.92,504.12,504.12,415.83,879.93879
computeCanberraDistance,366.03,366.03,788.07735,678.33152775,906.453,435.159,292.86,475.902,624.21525,520.65,646.8975,343.5348699,1265.2687359,1133.15696636,563.98689,1093.141512,442.835740448,759.12518601,983.522511,328.338,568.9721799,619.56279,392.12478,463.740358509,442.835740448,450.673503487,540.174411,539.407628977,537.265161,546.06846501,2385.36068738,818.764776,1329.45317316,524.009511,437.88846501,890.5662,1013.86037855,360.72,1914.5988,452.04525,507.182270593,1107.75195,1034.3513799,319.4172,319.4172,1376.81277291,474.8085,1170.4311,1683.4311137,1277.6661137,688.986,1714.0794084,822.69054,1210.1437359,993.10603545,627.256161,432.345402405,456.7155768,375.55758,327.69864,1174.99760863,342.0441,388.458,305.282952,599.328,771.588,319.3272,662.78709,402.73396191,391.67478,321.9372,305.01,332.851752,437.88846501,345.045411,630.713783707,464.2065378,509.816398597,439.000650855,321.0372,332.851752,573.399,922.984024702,560.99889,458.5237749,571.293125558,1299.2778,596.8721799,476.13789,511.716411,364.4565768,638.28828,560.802411,560.802411,332.282952,332.282952,473.43789,473.43789,402.32896191,789.0273
evaluateHoners,186.58969,186.58969,366.84,313.6115,441.578,207.069,135.728275,215.2225,301.885,261.332275,315.942725,147.86,561.975,497.9875,253.615,477.5175,192.08,337.5325,438.5175,153.7541,255.37,280.56,176.02,201.21,192.08,190.37,241.515,241.3125,241.92,243.27,1054.3325,359.6175,592.8935,225.05,190.37,402.6225,360.72,252.875280657,887.47365275,242.96684401,214.66,519.4106,467.4515,146.8025,146.8025,621.1435,218.5615,535.975,781.619875,580.589875,327.4665,763.0725,374.80225,535.75,441.555,281.55225,186.05,205.98,160.86,148.31,551.3605,201.831555174,186.1882,134.86,294.3291,369.129825,148.5125,293.8525,174.9625,175.4125,148.5125,147.5,146.8025,190.37,146.15,273.419,201.849,217.18,186.86,151.37,146.8025,274.92425,405.0615,254.65,199.005,244.08,588.3125,270.8225,214.4125,228.992,161.9625,278.76,238.86,238.86,147.2525,147.2525,212.86,212.86,174.9625,347.1125
evaluateInternal,907.18928,907.18928,1921.00520052,1642.79989,2204.93845,1063.0893,706.9178,1137.23879,1525.91057,1262.18,1569.292525,766.309,2944.39395,2598.7205,1317.348875,2521.44639,975.817,1757.192252,2298.36279,812.803252,1315.9946,1459.0311,915.01685,1037.784,975.817,985.1905,1249.558875,1240.224525,1246.72725,1248.2046,5477.27638525,1894.502475,3106.59685,1205.1295,995.0887,2223.26270124,1914.5988,887.47365275,5290.05867435,1108.148,1121.414,2744.15497384,2432.2183,741.298,741.298,3235.4784875,1142.17529,2841.88535,4026.7235825,3023.5691075,1698.37086,4016.0211,1958.918915,2812.36895,2309.196,1468.563225,968.752,1040.9241,857.2326,763.45825,2789.15534,833.37085275,950.2694,687.35,1485.70125,1858.473,737.32,1570.9031,897.371,908.696375,749.9425,723.1,760.5625,995.0887,783.5395,1411.8946375,1056.198,1121.288,983.449,753.5866,760.5625,1407.874,2131.24173,1331.97059,1050.892275,1275.5205,3163.77928825,1383.599821,1095.899,1189.2166,818.079,1476.14019,1287.5436,1287.5436,749.74,749.74,1096.2725,1096.2725,896.309,1895.038522
