min,170.970125949,170.970125949,352.02,300.031,417.552,196.242,130.687,208.571,287.125,247.55,300.171,143.5,547.9225,482.725,248.0,469.431,182.81,326.8631,430.181,143.63,248.21,274.232,169.555,195.7,182.81,182.81,234.7,234.7525,234.65,234.91,1042.343,352.7457,574.2335,222.0,182.81,391.382,352.43,170.10321,849.56032,209.36321,208.8,495.8375,457.721,143.8321,143.8321,600.481,208.682,522.854311111,756.7325,561.2825,313.7085,743.225,364.61,521.9225,430.6625,273.45,182.7,195.81,156.5,143.55,522.3235,156.46,169.93,130.51,275.004,352.5675,143.6,287.62,169.45,169.6525,143.81,143.4,143.81,182.81,143.5,261.11,195.65,208.91,182.7,143.81,143.81,261.541,391.7835,248.341,195.7075,235.01,574.942,261.431,208.9,221.45,156.6,274.5,235.0,235.0,143.6,143.6,209.01,209.01,169.6,339.521
max,170.970125949,170.970125949,352.02,300.031,417.552,196.242,130.687,208.571,287.125,247.55,300.171,143.5,547.9225,482.725,248.0,469.431,182.81,326.8631,430.181,143.63,248.21,274.232,169.555,195.7,182.81,182.81,234.7,234.7525,234.65,234.91,1042.343,352.7457,574.2335,222.0,182.81,391.382,352.43,170.10321,849.56032,209.36321,208.8,495.8375,457.721,143.8321,143.8321,600.481,208.682,522.854311111,756.7325,561.2825,313.7085,743.225,364.61,521.9225,430.6625,273.45,182.7,195.81,156.5,143.55,522.3235,156.46,169.93,130.51,275.004,352.5675,143.6,287.62,169.45,169.6525,143.81,143.4,143.81,182.81,143.5,261.11,195.65,208.91,182.7,143.81,143.81,261.541,391.7835,248.341,195.7075,235.01,574.942,261.431,208.9,221.45,156.6,274.5,235.0,235.0,143.6,143.6,209.01,209.01,169.6,339.521
covariance,352.02,352.02,736.024344444,626.061535,868.844785,407.9151,271.77,435.823519327,598.1194701,513.9,623.63025,298.91321,1142.2973875,1006.451025,515.142,978.2301375,380.362,678.551,896.5146375,299.587421,515.281,570.1981,352.7631,407.527,380.362,380.501,488.352,488.541,488.2465,488.491,2169.69115625,733.63271,1196.44585,461.701,380.5231,815.7943446,733.88135,352.44,1766.22909892,434.539655,435.1235,1034.27877531,948.6731,297.4,297.4,1249.34935,435.498505,1085.5931,1575.033821,1168.717446,653.03924655,1551.437625,760.940835,1088.24545,897.1085625,570.9191525,380.62625,407.4631,326.192,298.1155,1087.88515,325.662,354.138531,271.391,569.311,731.825,297.51,597.347,353.224275,353.0631,297.71,297.71,298.12,380.5231,299.073,543.772,407.6165,434.9731,380.93321,297.96,298.12,542.45655,816.563321,515.80531,407.76775,489.912,1196.9466421,542.081,433.631,462.1076525,325.391,569.8841,489.5141,489.5141,298.28,298.28,433.42,433.42,352.901,707.3548531
durbinWatson,300.031,300.031,626.061535,534.549777777,740.24602875,347.40326,231.9165,371.613905,509.05446,437.55,531.955,254.77775,973.498685,857.93185,439.12525,834.696631,324.0775,578.3825,764.776631,255.4176,439.1725,485.921,300.9535,347.346,324.0775,324.38275,416.32525,416.215,416.4435,416.3725,1849.9904,625.28725,1020.1526,393.723275,324.4035,695.7922,625.75880775,300.2835,1506.66541,370.2341,370.723025,880.727465,808.603,253.45,253.45,1065.38969375,371.186321,925.437525,1341.96121,995.987585,556.141165,1322.80427,649.0968,927.447435,764.66921,487.4111,324.09769375,347.09875,278.1253275,254.4335,925.944896351,277.3825,302.01685,231.2675,485.52925,623.89575,253.45,509.4778275,301.1571,300.75125,253.6525,253.3,254.1625,324.4035,255.10375,463.6375,347.7485,370.68775,324.57775,253.8735,254.1625,462.550525,695.884531,439.504,347.7125,417.4075,1019.58735,461.87,369.56,394.1495,277.165,485.70375,417.40375,417.40375,254.165,254.165,369.3525,369.3525,300.665,603.0778
lag1,417.552,417.552,868.844785,740.24602875,1033.211731,482.3121,320.801,513.9047,708.09437875,609.2,739.05,353.01,1350.89325,1189.0365,609.321,1155.2171,449.952,803.033,1058.9671,353.201,609.902,674.2421,417.1821,482.08046875,449.952,450.002,577.421,577.73125,577.371,578.002,2568.474525,866.55625,1413.95295,545.17,450.0131,964.35775,867.797,418.122,2090.67645,515.18146875,514.758875,1222.97178437,1122.8231,352.45,352.45,1479.68732875,513.6771,1283.1021,1865.165275,1382.61875,772.04862375,1833.2581,898.7921,1286.5632625,1060.8815,674.3921,450.304,482.041,385.18,352.85,1287.58248125,385.191,417.802,320.81,674.06,867.01,352.56,706.03,417.196,417.5371,352.56,353.01,352.66,450.0131,353.071,643.4505,481.41,514.152,449.715,353.38,352.66,642.175,965.20991875,610.1136,481.705775,578.8675,1414.4090625,641.902,512.971,545.9171,384.921,673.4821,577.6821,577.6821,352.81,352.81,512.86,512.86,417.121,834.7057
meanDeviation,196.242,196.242,407.9151,347.40326,482.3121,227.203566666,151.1853432,242.012032,332.19186,285.35,346.48575,166.03,634.20521,558.9785,286.621,542.8606,211.4131,377.351,497.4106,166.3852,286.792,316.90821,196.09321,226.431,211.4131,211.491,271.331,271.43875,271.281,271.502,1203.9075,407.74985625,664.64921,256.631,211.51421,453.026,407.631,195.941,981.7693,241.552,241.841,574.0385275,528.31,165.4,165.4,694.23421,242.01215432,603.3921,874.4427,649.14995,363.06007925,860.88671,422.1081,604.28021,498.2171,316.79821,211.545,226.517,181.23,165.75,604.15547,180.952,196.6242,150.83,316.79,406.6,165.51,332.27,196.1335,196.266235,165.81,165.3,165.92,211.51421,166.1321,302.151,226.48,241.801,211.69,165.8971,165.92,301.69,453.6005,286.83,226.535,272.2831,665.1925,301.481,241.121,256.55571,180.831,317.56321,272.26421,272.26421,165.72,165.72,241.42,241.42,196.031,393.08321
product,130.687,130.687,271.77,231.9165,320.801,151.1853432,101.312222322,161.690821,220.9976,190.1,231.12,110.9225,422.8695,372.7055,191.21,362.822,140.9225,251.475,332.422,111.276635866,191.16,211.2321,130.9921,150.97,140.9225,141.07,181.22,181.17,181.27,181.17,803.84,271.9946,443.2806,171.581,141.0821,302.371,272.06,130.418275,654.5678,160.776,161.07,382.5035,352.2,110.5,110.5,462.8606,161.7525432,402.411,582.67725,432.51725,241.865445866,574.3431,281.967,402.8195,332.3071,211.7021,140.87,150.9225,121.07,110.75,402.29085,120.738275,131.3598,100.72775,211.2405,271.105,110.5,221.68,131.08,130.8821,110.555,110.2,110.775,141.0821,111.0821,201.3225,151.2225,161.1225,141.1225,110.45,110.775,201.133,302.20975,191.3305,151.251,181.3325,443.061,201.11,161.11,171.2446,120.67,211.9021,181.9031,181.9031,110.67,110.67,161.065,161.065,130.87,262.3121
weightedMean,208.571,208.571,435.823519327,371.613905,513.9047,242.012032,161.690821,259.409,354.195175,304.35,369.63,177.438275,677.134685,596.852,305.6365,581.085521,225.5435,402.301,532.364521,177.98671,305.581,338.5881,209.4031,241.806,225.5435,225.696,289.7465,289.691,289.802,289.691,1287.496375,435.346275,709.8947,274.126,225.7131,484.0196,435.718,208.6225,1047.38031,257.407655,258.101,612.69151,562.63,176.3,176.3,740.8376,259.1162871,644.1876,932.3142,692.3662,387.15234,919.9643,451.631321,645.13281,531.7491,339.2812,225.58,241.63875,193.716,176.871,644.1276,193.2435,210.29253275,161.0225,337.325,433.555,176.41,354.416,209.82921,209.3031,176.56,176.2,176.87,225.7131,177.6075,322.4535,242.0535,258.04875,226.048275,176.46,176.87,321.4275,484.0717,305.74,241.96,290.5735,709.03905,321.431,257.331,274.4977,193.081,338.6386,290.9596,290.9596,176.97,176.97,257.28,257.28,209.491,419.95615
autoCorrelation,287.125,287.125,598.1194701,509.05446,708.09437875,332.19186,220.9976,354.195175,488.03929,419.441,508.22,242.87,928.455940625,817.791,419.321,795.1156,309.631,552.531,728.7656,243.33521,419.771,464.05821,287.04321,331.8131,309.631,309.681,397.231,397.531,397.231,397.681,1765.185625,596.3921,972.80171,375.231,309.69321,663.34846,596.78725,287.485,1437.12313,354.660321,354.08875,841.5760255,773.047,242.3,242.3,1016.4442725,354.5275321,883.424321,1281.420275,950.456275,531.41730286,1260.23921,618.5431,884.454625,729.375375,464.05321,309.5025625,331.9621,265.23,242.5,885.9262185,265.4231,287.662,220.67,463.401,595.61,242.61,485.67,287.341,287.34821,242.71,242.91,242.62,309.69321,242.9321,442.491,331.17,353.931,309.47,243.07,242.62,441.12,663.86021,419.88531,331.48,398.441,972.7996505,441.8921,353.121,375.69321,264.981,464.164321,397.95321,397.95321,242.67,242.67,353.11,353.11,287.181,574.92865431
binarySearchFromTo,247.55,247.55,513.9,437.55,609.2,285.35,190.1,304.35,419.441,365.399177541,437.85,209.3,798.77625,704.15,361.8,684.9,266.65,476.21,628.215,209.4,361.75,400.15,247.65,285.6,266.65,266.65,342.9,342.9,342.85,342.85,1521.965,513.91,837.52,323.6,266.65,571.36,513.85,248.094275,1237.78,305.18,304.5,723.33325,667.16,209.71,209.71,875.485,305.041,764.041,1103.20125,817.875,456.55,1084.5025,532.9575,760.77625,627.87625,399.7,266.2,285.97,228.6,209.35,762.02,229.25325,247.51,190.3,400.88,515.37662,210.12,418.92,247.6,247.7,210.02,210.005,209.72,266.65,209.3,380.7,285.35,304.65,266.2,209.65,209.72,380.81,570.55,362.005,285.4,342.55,837.57,381.58,305.32,323.65,229.33,400.12,342.7,342.7,210.03,210.03,304.7,304.7,248.33,495.57
quantile,300.171,300.171,623.63025,531.955,739.05,346.48575,231.12,369.63,508.22,437.85,533.303209876,254.01025,970.331275,855.305,438.63,832.057,323.551025,577.2525,762.457,253.955,438.753275,484.685,300.475,346.375,323.551025,323.5325,415.52,415.42525625,415.675,415.643275,1846.255,623.6135,1017.11375,392.4025,323.543275,692.756,623.4975,300.339725,1502.036525,369.7421,369.38,876.9825,808.142,253.65,253.65,1062.95125,369.73,922.52525,1340.54051,993.7373,554.3675,1317.86,647.14425,924.131275,762.502875,485.8365,323.06,346.63025,277.1125,254.265,924.14775,277.017625,300.165,230.91025,484.98775,623.553525,253.76,508.286,300.485,300.22025625,253.9125,254.3521,253.9025,323.543275,254.0025,462.102875,346.572875,369.64025,323.21525,254.233275,253.9025,462.509,693.08775,439.1725,346.5885,415.856025,1015.99275625,461.69,369.17,392.9070775,276.865,484.8325,415.6125,415.6125,253.755,253.755,369.2225,369.2225,299.965,600.4225
sumOfLogarithms,143.5,143.5,298.91321,254.77775,353.01,166.03,110.9225,177.438275,242.87,209.3,254.01025,122.423333223,465.756353,410.8388611,210.907531,399.099914958,155.4109741,277.008531,365.720922908,122.23,210.69641,232.58531,144.37632,166.3498531,155.4109741,155.4986431,199.9086521,199.697531,199.80309155,199.697531,883.70542,299.801121112,488.266212,189.118531,155.487531,332.531,299.5098531,143.46,719.981,176.66,177.5110742,420.34,388.07061,121.8552,121.8552,509.810672,177.43775,442.771,641.621382,476.493632,265.59,632.431007,310.395835,443.731353,366.172811,233.007647908,155.2998531,166.410864,133.47641,122.1719705,442.629862,132.781,144.3421,111.199752,232.631,298.851,121.9652,244.4964,144.408192208,144.27632,122.0652,121.31,122.287432,155.487531,122.4986521,221.8721962,166.727757305,177.6220862,155.634555434,121.8552,122.287432,221.851,333.037482,210.79641,166.49702835,199.8221962,487.8283,221.59641,177.70641,188.71125896,133.188632,233.33842,200.350631,200.350631,122.188632,122.188632,177.48641,177.48641,144.3998531,288.8383
kurtosis,547.9225,547.9225,1142.2973875,973.498685,1350.89325,634.20521,422.8695,677.134685,928.455940625,798.77625,970.331275,465.756353,1780.3947721,1568.06487076,803.24782,1522.83892952,592.292198465,1057.17164474,1395.43262186,465.74571,803.222691,887.274558,549.783137828,634.648096133,592.292198465,592.7742081,760.990062,761.0260542,760.787562,760.9649331,3377.021361,1143.55318735,1864.17677346,720.0231741,592.787045205,1269.76185,1142.6598791,547.575,2749.87595,675.093004719,677.510568078,1606.96407219,1479.504491,463.5104,463.5104,1946.67977746,676.82785,1689.812,2452.18831032,1820.37141032,1014.93329063,2416.78433656,1184.37628532,1695.75907764,1398.1439662,888.8428272,592.8855517,634.2740042,508.23882,464.95532,1691.36050251,505.8425,550.60485,422.939881,886.78387655,1139.7607655,463.7104,931.8289,550.02457631,549.998415803,464.4225,462.7,465.25474,592.787045205,466.2521741,846.91255315,635.384906,677.54936015,593.4099003,464.3063431,465.25474,845.2205,1271.87746166,803.44592,635.55680525,762.763503775,1864.086,844.311691,675.98282,719.4069651,506.86504,888.811752,763.1961741,763.1961741,464.86504,464.86504,675.88492,675.88492,549.687482,1101.7584
pooledMean,482.725,482.725,1006.451025,857.93185,1189.0365,558.9785,372.7055,596.852,817.791,704.15,855.305,410.8388611,1568.06487076,1383.913166,708.78007,1343.05040052,522.196375626,931.665036596,1230.50411852,410.5245,708.16299705,782.10104,485.289851,559.314669615,522.196375626,522.638545161,671.422312,671.08302842,671.227312,670.805239155,2973.77474,1008.502429,1643.62259631,634.900812,522.605239155,1119.21,1007.06568913,482.5875,2424.2645,594.446,597.269355936,1415.438,1304.09229705,408.6604,408.6604,1715.86117631,596.702,1490.248775,2161.1243976,1604.4683976,894.1976,2131.05479239,1044.91585858,1494.06487076,1232.47641002,784.337025275,522.57468031,559.2932907,448.32657,410.48407,1489.83060117,446.2146,485.18275,373.121082133,782.6815625,1005.3574175,408.9704,822.0846,485.09570531,485.13614,409.8449,407.5,410.468252,522.605239155,411.248812,746.538257547,560.6786622,597.376352327,523.44243161,409.4379,410.468252,746.3835,1120.9820516,708.42757,560.406437734,672.497701936,1643.67775,744.21049705,596.04382,634.791074,446.9822632,784.01939,673.103812,673.103812,409.871152,409.871152,596.20732,596.20732,484.70470531,971.60515
add,248.0,248.0,515.142,439.12525,609.321,286.621,191.21,305.6365,419.321,361.8,438.63,210.907531,803.24782,708.78007,364.917898889,688.259741,268.00741,478.28294,630.6108705,210.51,364.473307642,401.1941,249.228238,287.02741,268.00741,268.23962,345.094311111,344.64972,344.866428525,344.64972,1524.57931,517.343731,842.23991,326.26962,268.22862,573.731,516.54841,247.615,1243.019875,304.92,306.23862,725.041,671.05981,210.3752,210.3752,879.83951,305.936,764.8251,1107.63911,822.23911,458.21,1090.63007,535.3219875,765.24782,631.63781,401.713758,267.91641,287.1062,230.22862,210.924328525,763.72741,229.126,248.531,191.6852,402.2342,516.234,210.6952,422.21062,248.9129705,249.0174,211.1364,209.51,211.2364,268.22862,211.1298542,382.74362,287.543736327,306.43741,268.338741,210.6064,211.2364,383.213,574.32282,364.14762,287.21641,344.63862,842.32062,382.671841,306.791841,325.4108705,229.7962,403.48261,345.73683,345.73683,210.6852,210.6852,307.1249531,307.1249531,249.01741,498.52162
cosineDistance,469.431,469.431,978.2301375,834.696631,1155.2171,542.8606,362.822,581.085521,795.1156,684.9,832.057,399.099914958,1522.83892952,1343.05040052,688.259741,1309.15990867,507.188962,905.471742,1198.75494941,399.22071,687.73862,760.816292,471.459532,543.566524,507.188962,507.629742,652.3308631,651.809742,652.4019842,651.809742,2899.492631,979.840503168,1596.4371272,617.0918542,507.6319542,1087.8001,980.169272,468.9175,2356.22391,578.04,579.977824,1375.65631,1266.74502,397.6862,397.6862,1666.7718062,580.8772,1449.9061,2099.43250762,1557.98188262,868.5695,2069.59288645,1016.30730053,1450.71267952,1196.56539496,763.112419519,507.144382,543.28732,435.64862,398.669862,1447.0655962,433.8385,471.851375,362.35552,759.773,976.612,397.4652,798.1038,471.818664063,470.909532,397.8852,396.6,398.49632,507.6319542,399.54197531,724.985824,544.6170682,580.134182,508.096776958,397.4652,398.49632,724.218,1088.15108962,688.02762,544.350672,652.905824,1595.0565,723.83862,579.41862,617.213741852,434.35852,761.432632,653.9470542,653.9470542,398.24752,398.24752,579.02762,579.02762,471.080962,944.0086
manhattanDistance,182.81,182.81,380.362,324.0775,449.952,211.4131,140.9225,225.5435,309.631,266.65,323.551025,155.4109741,592.292198465,522.196375626,268.00741,507.188962,197.756666655,352.56397421,464.815531,155.23,268.04075431,295.79631,183.48732,211.572086421,197.756666655,197.821987532,254.008531,253.92214738,253.908531,254.041875421,1123.91317,380.899807687,620.89697142,240.108531,197.831875421,422.895,380.833198632,182.88,916.033,225.291,225.788868586,534.9755,493.4928431,154.8552,154.8552,648.44940642,225.7435,563.051,816.588219355,606.190194355,337.9425,804.0878541,394.49656,564.267198465,465.58587205,296.107781,197.405414155,211.8208632,169.57641,155.16641,563.669201155,168.9921,183.44,141.199752,295.721,379.991,155.0752,310.5864,183.51346431,183.49507,155.1752,154.61,155.287432,197.831875421,155.487531,282.315541852,211.7221962,225.944319742,197.677757305,155.1862,155.287432,281.941,423.511382155,267.98641,211.60477835,254.222888877,620.311725,282.0296431,225.81741,239.816392,169.2997432,296.53832,254.450531,254.450531,155.188632,155.188632,225.59641,225.59641,183.51096431,367.0172
chebyshevDistance,326.8631,326.8631,678.551,578.3825,803.033,377.351,251.475,402.301,552.531,476.21,577.2525,277.008531,1057.17164474,931.665036596,478.28294,905.471742,352.56397421,630.388875558,829.677421,276.93,478.5173842,528.23721,327.21627,377.5517521,352.56397421,352.98629631,453.061841,453.068507602,452.954341,453.29628531,2006.903531,680.224713,1108.28390171,428.761741,352.97518531,755.28,680.00508521,326.1325,1636.181932,401.972,402.98507365,955.3225,881.9412642,276.498632,276.498632,1157.43618421,402.601,1006.7871,1457.22039708,1081.83039708,603.250775,1435.0263331,703.65871,1007.17164474,830.91952313,528.009921,352.32964155,377.62832,302.50862,276.70112,1005.9330026,301.1335,327.45,251.59632,527.98421,678.414,276.5964,554.702962,327.069531,327.31352,276.92872,276.01,277.23984,352.97518531,277.419741,503.97729621,377.843242,403.28508521,352.75185255,276.7064,277.23984,502.682,755.973717578,478.460862,377.889031,453.70618521,1108.52637,503.640853333,403.08183,427.557421,302.00852,529.51052,454.336941,454.336941,276.89752,276.89752,402.671741,402.671741,327.440741,655.80162
tanimotoDistance,430.181,430.181,896.5146375,764.776631,1058.9671,497.4106,332.422,532.364521,728.7656,628.215,762.457,365.720922908,1395.43262186,1230.50411852,630.6108705,1198.75494941,464.815531,829.677421,1098.50533223,365.77071,630.14531,697.294076,431.997421,498.130862,464.815531,465.151421,597.80198155,597.336421,597.8175421,597.336421,2655.646181,897.714877013,1462.63159515,565.2925321,465.1586321,996.8846,897.747631,429.9175,2158.81631,529.83,531.430962,1260.78631,1160.54851,364.5752,364.5752,1527.1701631,532.2572,1328.7206,1924.04746431,1427.63683931,795.8695,1896.32655359,931.407592253,1329.30637186,1096.45761853,699.167853099,464.708741,497.92011,399.17031,365.285431,1326.0749531,397.7385,432.285875,332.09331,696.368,895.147,364.4631,731.2024,432.384098642,431.547421,364.7231,363.5,365.23421,465.1586321,366.063092655,664.288962,498.9090841,531.543541,465.494353908,364.3031,365.23421,663.763,997.02980531,630.28931,498.715136,598.208962,1461.28425,663.40631,531.09531,565.529187642,398.36631,697.513971,599.0261821,599.0261821,365.25531,365.25531,530.53431,530.53431,431.977531,864.73635
sum,143.63,143.63,299.587421,255.4176,353.201,166.3852,111.276635866,177.98671,243.33521,209.4,253.955,122.23,465.74571,410.5245,210.51,399.22071,155.23,276.93,365.77071,122.853334433,210.41,232.542,144.197,166.17,155.23,155.42,199.62,199.52,199.57,199.52,883.855,299.4545,488.2655,189.051,155.442,333.447432,299.682,143.6421,721.216932,177.002,177.42,421.562532,387.632,121.5,121.5,509.593,177.9965,443.501,641.14395,476.26645,266.313111111,632.5505,310.32821,443.72071,365.9645,232.897,155.12,166.23,133.441,121.85,443.2692,133.0742,145.0153,110.941,232.7931,298.53,121.5,244.261,144.2225,144.142,121.61,121.2,121.93,155.442,122.442,221.83,166.58,177.53,155.53,121.5,121.93,221.551,332.9552,210.76421,166.44775,199.85,488.32532,221.31,177.31,188.5545,132.82,233.042,200.352,200.352,121.82,121.82,177.11,177.11,144.12,289.31521
dec,248.21,248.21,515.281,439.1725,609.902,286.792,191.16,305.581,419.771,361.75,438.753275,210.69641,803.222691,708.16299705,364.473307642,687.73862,268.04075431,478.5173842,630.14531,210.41,364.497898889,401.1941,248.9099,287.038531,268.04075431,268.2408542,344.64972,344.553928525,344.54222,344.674311111,1524.18206,517.09352375,842.1389181,326.04862,268.253211111,573.595,516.4496431,247.77,1242.6266,305.341,306.3053015,725.5155,671.2820431,210.2752,210.2752,879.6437431,305.881,764.172,1107.53804853,822.173048525,458.4625,1089.992941,534.6966,765.222691,631.4816805,401.29781,267.9219705,287.1062,230.00762,210.60012,764.355748525,228.971,248.53,191.4852,401.5821,515.753,210.5952,421.77962,248.75741,248.915738,210.9264,209.71,211.0264,268.253211111,210.90762,382.8208531,287.23012,306.4496431,268.1831805,210.618632,211.0264,382.35,574.496719025,364.02762,287.17416,344.72696431,842.0834625,382.7940741,306.691841,325.04531,229.6962,403.2604,345.51462,345.51462,210.5852,210.5852,306.9149531,306.9149531,248.91741,498.17841
errorRate,274.232,274.232,570.1981,485.921,674.2421,316.90821,211.2321,338.5881,464.05821,400.15,484.685,232.58531,887.274558,782.10104,401.1941,760.816292,295.79631,528.23721,697.294076,232.542,401.1941,444.826049393,274.53754321,317.11408,295.79631,295.88521,379.98521,379.93521,379.93521,379.98521,1687.85631052,571.2737032,930.31271432,359.405321,295.89754321,633.872,571.03631,273.76,1373.1351,337.425,338.46852,802.2981,739.5563,232.1751,232.1751,971.59816432,338.36821,845.5781,1222.667862,907.763487,506.8121,1204.43560632,591.269076,845.323933,697.0807242,443.892635931,296.0031305,316.897531,253.7831,232.1031,844.20085432,253.081,274.841,211.27531,443.021,570.046415,232.1531,465.325,274.801865,274.543148765,232.3631,231.405,232.57421,295.89754321,232.6864321,422.76852,317.15752,338.30852,296.25752,231.96431,232.57421,422.051,634.6228125,401.0781,317.05192,380.77852,929.7033,422.4161,338.0841,359.437075431,253.90742,444.35974321,381.15864321,381.15864321,232.79642,232.79642,337.8942,337.8942,275.21742,549.99721
scale,169.555,169.555,352.7631,300.9535,417.1821,196.09321,130.9921,209.4031,287.04321,247.65,300.475,144.37632,549.783137828,485.289851,249.228238,471.459532,183.48732,327.21627,431.997421,144.197,248.9099,274.53754321,170.850555555,196.33732,183.48732,183.70102,236.229358,235.91102,236.235752,235.91102,1043.7156,353.7437432,576.546528181,223.221132,183.71335432,392.851,353.67982,169.62,851.06685,208.71,209.53732,496.3231,458.1884,143.9052,143.9052,602.343639181,209.70321,523.3881,758.38923755,562.83673755,313.3971,747.138857981,366.933806828,523.783137827,432.386949033,275.40554321,183.22632,196.58732,157.6989,144.493632,522.625259875,157.041,170.281,131.1819255,275.02593275,353.171775,144.1252,288.770975,170.48732,170.51335432,144.294675,143.41,144.405795,183.71335432,144.6022432,262.04732,196.89982,209.68732,183.57632,144.0789,144.405795,262.22855,392.91923755,248.949925,196.597531,235.89732,576.1712,261.8462,209.8562,222.89254321,157.23732,275.65335432,236.54335432,236.54335432,144.12632,144.12632,209.704675,209.704675,170.43732,341.13091
eucleadianDistance,195.7,195.7,407.527,347.346,482.08046875,226.431,150.97,241.806,331.8131,285.6,346.375,166.3498531,634.648096133,559.314669615,287.02741,543.566524,211.572086421,377.5517521,498.130862,166.17,287.038531,317.11408,196.33732,227.192333299,211.572086421,211.610875421,271.698531,271.65409155,271.648531,271.7096521,1205.3004035,408.551822,665.0549831,257.008531,211.6096521,452.7955,407.798336421,195.61,981.056,241.464321,242.121624697,573.5438275,529.135041,165.7552,165.7552,694.7530456,241.851,603.351,874.39952205,649.12077205,362.3121,861.25128231,422.61464,604.54678016,498.563961155,317.325862,211.707398655,226.6497432,181.47641,166.01641,603.51484705,180.8321,196.38,151.138632,316.532,406.901,165.9652,332.6204,196.62208531,196.33732,166.1852,165.3,166.297432,211.6096521,166.387531,302.578729731,226.9354962,242.107729731,211.841057255,165.9652,166.297432,301.58,454.019669615,286.79641,226.9235701,272.262729731,664.56145,301.818531,241.70741,256.914741,181.3497432,317.87832,272.570531,272.570531,166.238632,166.238632,241.71641,241.71641,196.56096431,393.1512
distance1,182.81,182.81,380.362,324.0775,449.952,211.4131,140.9225,225.5435,309.631,266.65,323.551025,155.4109741,592.292198465,522.196375626,268.00741,507.188962,197.756666655,352.56397421,464.815531,155.23,268.04075431,295.79631,183.48732,211.572086421,197.756666655,197.821987532,254.008531,253.92214738,253.908531,254.041875421,1123.91317,380.899807687,620.89697142,240.108531,197.831875421,422.895,380.833198632,182.88,916.033,225.291,225.788868586,534.9755,493.4928431,154.8552,154.8552,648.44940642,225.7435,563.051,816.588219355,606.190194355,337.9425,804.0878541,394.49656,564.267198465,465.58587205,296.107781,197.405414155,211.8208632,169.57641,155.16641,563.669201155,168.9921,183.44,141.199752,295.721,379.991,155.0752,310.5864,183.51346431,183.49507,155.1752,154.61,155.287432,197.831875421,155.487531,282.315541852,211.7221962,225.944319742,197.677757305,155.1862,155.287432,281.941,423.511382155,267.98641,211.60477835,254.222888877,620.311725,282.0296431,225.81741,239.816392,169.2997432,296.53832,254.450531,254.450531,155.188632,155.188632,225.59641,225.59641,183.51096431,367.0172
distanceInf,182.81,182.81,380.501,324.38275,450.002,211.491,141.07,225.696,309.681,266.65,323.5325,155.4986431,592.7742081,522.638545161,268.23962,507.629742,197.821987532,352.98629631,465.151421,155.42,268.2408542,295.88521,183.70102,211.610875421,197.821987532,198.156666655,254.340741,254.228080102,254.227491,254.34197531,1124.07206,381.021006,621.54141671,240.530862,198.13197531,423.7,381.354098743,182.77,917.1345,225.241,225.977647086,535.4255,493.7928431,154.8552,154.8552,648.93597421,225.996,563.8041,816.731069577,606.496569578,337.98775,805.097260038,394.79796,564.7742081,466.05863655,296.299171,197.494203655,211.9206432,169.898741,155.28537,563.86214738,168.9821,183.74,141.177432,295.8631,380.222,155.0752,311.01862,183.55475431,183.70102,155.1864,154.61,155.398632,198.13197531,155.809862,282.604309853,211.9076042,226.144209864,197.865414755,155.1864,155.398632,281.961,423.827840078,268.21862,211.8463931,254.488198642,621.274031,282.2296431,226.01741,239.941421,169.2885432,296.86064,254.972862,254.972862,155.177432,155.177432,225.70762,225.70762,183.59975431,367.759531
ebeAdd,234.7,234.7,488.352,416.32525,577.421,271.331,181.22,289.7465,397.231,342.9,415.52,199.9086521,760.990062,671.422312,345.094311111,652.3308631,254.008531,453.061841,597.80198155,199.62,344.64972,379.98521,236.229358,271.698531,254.008531,254.340741,327.44111,326.996518765,327.213227349,326.996518765,1444.55931,489.4638521,797.822131,309.260741,254.329741,544.041,489.639531,234.715,1177.629875,288.92,290.009742,686.951,634.31161,199.2652,199.2652,833.431741,290.146,724.5251,1049.070231,778.770231,433.73,1033.872312,507.5130975,724.990062,598.510051,380.80486905,253.587531,272.10732,218.31862,199.814328525,723.418531,217.236,235.831,181.58632,380.7042,489.002,199.5952,399.74862,235.91409155,236.01852,199.7064,198.72,199.91752,254.329741,200.23097531,362.614742,272.31485838,290.208531,254.1098631,199.3964,199.91752,362.913,543.853941,344.62762,271.987531,326.509742,797.67062,362.63962,290.77062,308.40198155,217.69732,381.48173,327.503951,327.503951,199.58632,199.58632,290.33762,290.33762,236.018531,472.27162
ebeDivide,234.7525,234.7525,488.541,416.215,577.73125,271.43875,181.17,289.691,397.531,342.9,415.42525625,199.697531,761.0260542,671.08302842,344.64972,651.809742,253.92214738,453.068507602,597.336421,199.52,344.553928525,379.93521,235.91102,271.65409155,253.92214738,254.228080102,326.996518765,327.02111,326.889018765,326.900727349,1444.22531,489.330386,797.771069578,309.039741,254.233949578,543.85,489.426869577,234.7125,1176.804525,289.128,290.07642365,687.472,634.369948525,199.1652,199.1652,833.116579578,290.091,723.872,1048.79848921,778.59098921,434.04,1033.5228042,506.88771,725.0260542,598.4782921,380.388921,253.6986521,271.99982,218.09762,199.49012,723.94576421,217.081,235.775,181.38632,380.0021,488.521,199.4952,399.26762,235.758531,236.030752,199.4964,198.82,199.70752,254.233949578,200.008741,362.523080577,272.001242,290.106869577,254.0098631,199.294738,199.70752,362.0,544.03979521,344.40762,272.058531,326.53335838,797.76062,362.647958525,290.67062,308.036421,217.59732,381.25952,327.281741,327.281741,199.48632,199.48632,290.12762,290.12762,235.918531,471.87841
ebeMultiply,234.65,234.65,488.2465,416.4435,577.371,271.281,181.27,289.802,397.231,342.85,415.675,199.80309155,760.787562,671.227312,344.866428525,652.4019842,253.908531,452.954341,597.8175421,199.57,344.54222,379.93521,236.235752,271.648531,253.908531,254.227491,327.213227349,326.889018765,327.22611,326.889018765,1444.55681,489.35829155,797.669381,309.147491,254.222241,543.8355,489.476281,234.72,1177.32525,288.92,289.959742,687.001,634.26161,199.2152,199.2152,833.376491,290.201,724.193025,1049.062731,778.620231,433.68,1033.672312,507.52676,724.787562,598.300051,380.9265921,253.537531,272.00232,218.20537,199.827211111,723.318531,217.241,235.7755,181.48632,380.320125,488.68125,199.5452,399.47787,235.9196521,235.91102,199.5989,198.72,199.81002,254.222241,200.117080102,362.569742,272.334586421,290.103531,254.00430255,199.2889,199.81002,362.42325,543.703941,344.46512,271.987531,326.409742,797.2887375,362.58962,290.72062,308.3025421,217.64732,381.3678475,327.3900685,327.3900685,199.53632,199.53632,290.23012,290.23012,235.968531,472.0472375
ebeSubtract,234.91,234.91,488.491,416.3725,578.002,271.502,181.17,289.691,397.681,342.85,415.643275,199.697531,760.9649331,670.805239155,344.64972,651.809742,254.041875421,453.29628531,597.336421,199.52,344.674311111,379.98521,235.91102,271.7096521,254.041875421,254.34197531,326.996518765,326.900727349,326.889018765,327.02111,1444.16206,489.21364475,797.72113921,309.039741,254.354332222,543.905,489.54076421,234.87,1177.2366,289.341,290.07642365,687.4255,634.5338431,199.1652,199.1652,833.23597421,290.091,723.872,1048.96916958,778.704169578,433.9825,1033.2351831,506.88771,724.9649331,598.35392155,380.388921,253.59309155,272.10732,218.09762,199.49012,724.046869578,217.081,235.83,181.38632,380.0521,488.521,199.4952,399.31762,235.758531,235.916858,199.4964,198.92,199.70752,254.354332222,200.008741,362.69197521,272.001242,290.22076421,253.95430255,199.408632,199.70752,362.05,544.027840077,344.50762,271.945281,326.598086421,797.4334625,362.7618531,290.67062,308.036421,217.59732,381.25952,327.281741,327.281741,199.48632,199.48632,290.12762,290.12762,235.918531,471.92841
safeNorm,1042.343,1042.343,2169.69115625,1849.9904,2568.474525,1203.9075,803.84,1287.496375,1765.185625,1521.965,1846.255,883.70542,3377.021361,2973.77474,1524.57931,2899.492631,1123.91317,2006.903531,2655.646181,883.855,1524.18206,1687.85631052,1043.7156,1205.3004035,1123.91317,1124.07206,1444.55931,1444.22531,1444.55681,1444.16206,6457.10127381,2170.74196,3536.30997,1365.29531,1124.12206,2409.74083,2173.86364737,1041.5325,5222.46222525,1283.268125,1284.999465,3051.643705,2807.87737,882.53031,882.53031,3695.762945,1286.1525,3212.516,4656.00416945,3453.94604758,1927.875625,4583.894482,2250.46131,3215.823361,2651.751341,1689.427531,1124.43887,1203.9067,963.97931,882.85681,3211.39862,962.48,1044.31555,802.8992,1684.186,2166.911,881.6042,1766.83787,1044.785031,1043.3631,881.9192,881.31,882.7192,1124.12206,883.91431,1606.6304025,1205.43134,1285.03537,1124.83884,881.6456,882.7192,1605.115,2411.50426781,1525.08431,1205.586615,1445.90759,3533.54341,1604.659281,1283.52542,1366.94792,963.2078,1686.68734,1446.922972,1446.922972,883.2078,883.2078,1283.645972,1283.645972,1044.01903,2089.23741
entropy,352.7457,352.7457,733.63271,625.28725,866.55625,407.74985625,271.9946,435.346275,596.3921,513.91,623.6135,299.801121112,1143.55318735,1008.502429,517.343731,979.840503168,380.899807687,680.224713,897.714877013,299.4545,517.09352375,571.2737032,353.7437432,408.551822,380.899807687,381.021006,489.4638521,489.330386,489.35829155,489.21364475,2170.74196,737.005205378,1198.81187251,463.4848431,381.02586806,815.717,734.753416,351.8175,1767.677475,433.688,435.761682,1032.3255,953.7495921,298.856300001,298.856300001,1251.33531251,435.09085,1088.01162,1575.59193735,1169.91006235,652.5246,1552.37829461,761.433789,1089.45193735,898.62471051,571.645713224,381.384961,407.881152,326.91161,299.3371705,1086.69692751,325.285,353.7306,272.36754,570.934,733.2941,298.8216,599.9798,354.005712102,353.7092432,299.5116,297.4,299.93272,381.02586806,299.926075421,544.522099,409.1143851,435.9682111,381.882185448,298.765525,299.93272,543.9335,817.9192761,517.19161,409.00634125,490.389869687,1198.55925,543.535549,435.405042,462.779602276,326.61512,572.9078432,491.25805431,491.25805431,299.61512,299.61512,435.57261,435.57261,354.036341,708.9338
g,574.2335,574.2335,1196.44585,1020.1526,1413.95295,664.64921,443.2806,709.8947,972.80171,837.52,1017.11375,488.266212,1864.17677346,1643.62259631,842.23991,1596.4371272,620.89697142,1108.28390171,1462.63159515,488.2655,842.1389181,930.31271432,576.546528181,665.0549831,620.89697142,621.54141671,797.822131,797.771069578,797.669381,797.72113921,3536.30997,1198.81187251,1955.40294444,755.0033531,621.554583653,1331.35975,1197.90515556,573.8015,2882.41685,707.25,710.00166515,1683.5796,1551.92954043,485.8462,485.8462,2040.30652798,709.73992,1772.420475,2568.52153986,1907.11291486,1063.3566,2531.83181429,1241.45322346,1776.02552346,1465.02509179,931.831001681,620.88282205,664.95824,533.02791,487.52616,1772.03311992,530.359,577.14925,443.325462,929.57171,1194.6991,486.1612,977.259,576.599662,576.64536432,487.0033,485.00775,487.82552,621.554583653,488.92346431,887.693468025,666.200458955,710.34193892,621.9484351,486.7287,487.82552,886.129921,1332.81096836,842.43676,666.232199375,799.50763342,1953.48395,885.1589181,708.73341,754.255768531,531.42162,932.21436432,800.477575431,800.477575431,487.31062,487.31062,708.70951,708.70951,576.362841,1155.46341
calculateAbsoluteDifferences,222.0,222.0,461.701,393.723275,545.17,256.631,171.581,274.126,375.231,323.6,392.4025,189.118531,720.0231741,634.900812,326.26962,617.0918542,240.108531,428.761741,565.2925321,189.051,326.04862,359.405321,223.221132,257.008531,240.108531,240.530862,309.260741,309.039741,309.147491,309.039741,1365.29531,463.4848431,755.0033531,293.573077779,240.5408531,514.821,463.290631,221.45,1113.9455,273.02,274.430742,650.081,601.69471,188.4752,188.4752,788.3899641,274.42855,685.26721,991.3048431,736.4098431,410.441,977.6730362,479.428071,686.0231741,566.1921631,359.8202821,240.008531,257.09632,206.56307521,188.81637,684.1496431,204.96,223.37,171.68632,359.6731,461.982,188.7062,378.513941,223.063531,223.118632,188.8174,187.82,189.22852,240.5408531,189.5519741,342.980742,257.638492,274.518531,240.540742,188.2864,189.22852,342.451,514.9670531,326.14862,257.4807521,308.9529631,755.2858521,343.13741,275.35741,291.3625321,205.79632,361.455852,310.3459741,310.3459741,188.79632,188.79632,274.64862,274.64862,223.208531,447.2758521
calculateDifferences,182.81,182.81,380.5231,324.4035,450.0131,211.51421,141.0821,225.7131,309.69321,266.65,323.543275,155.487531,592.787045205,522.605239155,268.22862,507.6319542,197.831875421,352.97518531,465.1586321,155.442,268.253211111,295.89754321,183.71335432,211.6096521,197.831875421,198.13197531,254.329741,254.233949578,254.222241,254.354332222,1124.12206,381.02586806,621.554583653,240.5408531,198.156666665,423.736,381.36076421,182.77,917.2087,225.241,225.97642365,535.4676,493.7928431,154.8552,154.8552,648.949419653,226.01321,563.8031,816.801281683,606.536281683,337.9946,805.058629642,394.809921,564.787045205,466.056144865,296.301254321,197.49309155,211.89732,169.90762,155.28012,563.859204014,168.981,183.751,141.17632,295.8521,380.211,155.0752,311.02762,183.548531,183.71919232,155.1864,154.61,155.39752,198.156666665,155.81096431,282.59197521,211.901242,226.12076421,197.85430255,155.198632,155.39752,281.95,423.859952183,268.19762,211.855281,254.508086421,621.2644625,282.2296431,226.01741,239.948754321,169.28732,296.86185432,254.974075431,254.974075431,155.17632,155.17632,225.70762,225.70762,183.598531,367.76062
computeDividedDifference,391.382,391.382,815.7943446,695.7922,964.35775,453.026,302.371,484.0196,663.34846,571.36,692.756,332.531,1269.76185,1119.21,573.731,1087.8001,422.895,755.28,996.8846,333.447432,573.595,633.872,392.851,452.7955,422.895,423.7,544.041,543.85,543.8355,543.905,2409.74083,815.717,1331.35975,514.821,423.736,910.237337148,816.8862,391.2225,1967.63601164,482.2755,483.771,1148.97260432,1056.4941,330.91,330.91,1390.040525,484.326,1209.273,1749.09275375,1298.7298725,724.62932,1725.21475,846.0941,1209.71185,997.974475,634.5915,422.6825,452.97,363.503,331.9155,1207.6652,361.8946,394.264,301.71,634.024,814.4791,331.01,665.833,392.5255,392.861,331.31,330.5,332.02,423.736,333.372,604.978275,453.6355,483.8,423.551,331.255,332.02,603.851,907.58231,573.6742,453.57,544.755,1331.8083575,603.3,482.93,513.6665,361.82,634.792,545.702,545.702,331.72,331.72,482.52,482.52,392.63,788.10031
computeCanberraDistance,352.43,352.43,733.88135,625.75880775,867.797,407.631,272.06,435.718,596.78725,513.85,623.4975,299.5098531,1142.6598791,1007.06568913,516.54841,980.169272,380.833198632,680.00508521,897.747631,299.682,516.4496431,571.03631,353.67982,407.798336421,380.833198632,381.354098743,489.639531,489.426869577,489.476281,489.54076421,2173.86364737,734.753416,1197.90515556,463.290631,381.36076421,816.8862,736.354483546,351.92,1768.4948,433.81725,435.444429662,1032.58795,951.1328431,298.4652,298.4652,1250.97989531,435.7165,1087.7351,1573.8025801,1168.6375801,651.904,1551.7849316,761.12606,1088.5348791,897.89864705,571.395281,380.716535205,407.9307432,327.16062,298.93416,1086.82335791,325.5321,354.202,271.888632,569.872,732.932,298.3752,598.98061,353.61596431,353.62982,298.5852,297.81,299.097432,381.36076421,300.038531,544.390530963,408.3688242,435.554309853,381.276635255,298.4852,299.097432,543.071,816.820611103,516.61641,408.2319981,490.229419742,1197.2658,543.5496431,435.02741,462.637531,325.9997432,571.93132,491.211531,491.211531,298.888632,298.888632,434.72741,434.72741,353.61096431,708.6513
evaluateHoners,170.10321,170.10321,352.44,300.2835,418.122,195.941,130.418275,208.6225,287.485,248.094275,300.339725,143.46,547.575,482.5875,247.615,468.9175,182.88,326.1325,429.9175,143.6421,247.77,273.76,169.62,195.61,182.88,182.77,234.715,234.7125,234.72,234.87,1041.5325,351.8175,573.8015,221.45,182.77,391.2225,351.92,170.655555665,848.54793275,209.64754321,208.66,495.9706,456.1235,143.4025,143.4025,600.0515,208.8335,521.575,756.628875,560.998875,313.3385,743.2725,365.02025,521.55,430.355,273.77025,182.45,195.98,156.46,143.51,522.5045,157.097777878,169.9642,130.46,274.6171,352.399825,143.5125,286.8525,169.5625,169.6125,143.5125,143.5,143.4025,182.77,143.35,261.091,195.521,208.78,182.46,143.77,143.4025,261.37825,391.3335,247.85,195.405,234.88,573.7125,261.0225,208.6125,221.628,156.5625,273.56,234.46,234.46,143.4525,143.4525,208.46,208.46,169.5625,338.9125
evaluateInternal,849.56032,849.56032,1766.22909892,1506.66541,2090.67645,981.7693,654.5678,1047.38031,1437.12313,1237.78,1502.036525,719.981,2749.87595,2424.2645,1243.019875,2356.22391,916.033,1636.181932,2158.81631,721.216932,1242.6266,1373.1351,851.06685,981.056,916.033,917.1345,1177.629875,1176.804525,1177.32525,1177.2366,5222.46222525,1767.677475,2882.41685,1113.9455,917.2087,1967.63601164,1768.4948,848.54793275,4263.10953283,1045.452,1047.686,2487.28887099,2289.3703,717.442,717.442,3012.0334875,1047.80881,2619.45295,3791.8906425,2814.2541675,1570.05694,3735.3251,1832.281435,2619.65095,2160.894,1374.504225,915.788,981.2121,786.4086,719.58425,2615.85486,783.89313275,852.7254,653.75,1375.11125,1765.017,717.32,1442.4231,850.079,850.546375,718.5425,715.9,719.5625,917.2087,721.1555,1310.3736375,982.742,1047.832,917.121,718.4746,719.5625,1309.926,1965.46277,1243.09211,982.054275,1179.4445,2884.17275825,1306.967421,1045.571,1112.4846,783.751,1375.19771,1180.6476,1180.6476,718.54,718.54,1045.6725,1045.6725,849.981,1705.616762
