min,173.382705971,173.382705971,353.08,301.128,419.216,197.576,131.456,209.188,288.3,248.1,301.388,144.0,549.89,484.5,249.0,470.928,183.64,328.8656,431.428,144.32,249.44,275.536,170.12,196.4,183.64,183.64,235.4,235.51,235.3,235.84,1044.774,354.5972,576.538,223.0,183.64,392.836,353.92,171.32752,854.48544,210.86752,209.6,497.75,460.488,144.7376,144.7376,603.028,209.436,526.087199744,759.53,563.63,315.538,745.5,365.24,523.89,432.35,273.9,183.4,196.64,157.0,144.1,524.798,156.94,170.92,131.04,277.232,354.17,144.2,289.28,169.9,170.31,144.64,143.8,144.64,183.64,144.0,262.24,196.3,209.84,183.4,144.64,144.64,263.168,393.638,249.768,196.43,236.04,577.976,262.928,209.8,221.9,157.2,276.0,236.0,236.0,144.2,144.2,210.04,210.04,170.2,341.088
max,173.382705971,173.382705971,353.08,301.128,419.216,197.576,131.456,209.188,288.3,248.1,301.388,144.0,549.89,484.5,249.0,470.928,183.64,328.8656,431.428,144.32,249.44,275.536,170.12,196.4,183.64,183.64,235.4,235.51,235.3,235.84,1044.774,354.5972,576.538,223.0,183.64,392.836,353.92,171.32752,854.48544,210.86752,209.6,497.75,460.488,144.7376,144.7376,603.028,209.436,526.087199744,759.53,563.63,315.538,745.5,365.24,523.89,432.35,273.9,183.4,196.64,157.0,144.1,524.798,156.94,170.92,131.04,277.232,354.17,144.2,289.28,169.9,170.31,144.64,143.8,144.64,183.64,144.0,262.24,196.3,209.84,183.4,144.64,144.64,263.168,393.638,249.768,196.43,236.04,577.976,262.928,209.8,221.9,157.2,276.0,236.0,236.0,144.2,144.2,210.04,210.04,170.2,341.088
covariance,353.08,353.08,744.068399104,631.58472,874.06422,411.0816,273.69,440.04508224,602.7445328,514.8,626.322,300.96752,1150.9632,1014.2184,517.376,984.8544,382.856,682.208,902.3904,302.483104,517.628,573.6056,354.6656,410.216,382.856,383.108,490.816,491.168,490.592,491.068,2180.0125,738.55352,1205.4076,464.608,383.2056,822.0246008,739.0966,353.96,1778.42970032,437.27856,438.398,1043.42180096,952.5056,297.8,297.8,1257.1206,439.32016,1091.5856,1584.628504,1176.910004,658.6207424,1564.372,766.18952,1096.8552,903.4435,575.09448,383.355,410.0656,328.576,299.264,1096.3944,327.456,357.593024,272.868,571.748,734.7,298.04,600.896,355.6044,355.2656,298.44,298.44,299.28,383.2056,301.304,547.696,410.372,438.1056,384.04752,298.94,299.28,545.0328,823.589504,518.84512,410.672,494.056,1206.4890208,544.228,435.328,465.45248,326.868,572.9536,493.2736,493.2736,299.62,299.62,434.88,434.88,354.908,713.2866048
durbinWatson,301.128,301.128,631.58472,540.94599936,744.93537,350.03832,233.972,375.59456,512.45952,438.1,535.02,256.612,981.37712,865.1456,441.302,841.938624,326.21,581.83,771.058624,258.0916,441.39,488.988,303.018,349.788,326.21,326.832,418.702,418.46,418.978,418.79,1860.6064,629.758,1028.7316,396.5964,326.918,701.9992,630.807056,301.638,1519.22672,372.6536,373.4944,888.07368,812.324,253.9,253.9,1073.0676,374.673504,931.2604,1350.32152,1003.37752,560.71288,1335.26864,654.6268,935.27212,770.59552,492.1696,326.2416,349.3,280.41328,255.938,932.32392912,278.83,305.2856,232.57,488.224,626.886,253.9,513.12328,303.4376,302.61,254.31,253.6,255.35,326.918,257.32,467.35,350.598,373.452,327.212,254.798,255.35,465.2044,702.181024,442.122,350.55,420.93,1027.6246,463.78,371.14,397.506,278.36,488.52,420.92,420.92,255.36,255.36,370.71,370.71,302.36,608.5328
lag1,419.216,419.216,874.06422,744.93537,1043.90022308,484.7576,321.658,515.9892,712.57097,610.4,742.2,354.04,1358.031,1194.202,610.688,1158.5276,452.016,806.244,1062.0276,354.508,611.916,676.5776,418.4376,484.27625,452.016,452.116,578.888,579.53,578.788,580.116,2577.2014,869.18,1420.1852,546.38,452.1656,968.932,871.796,420.396,2102.0332,518.58425,517.641,1230.3528,1125.8056,352.9,352.9,1487.89132,515.4676,1286.3176,1874.6724,1389.48,776.36281,1842.7956,901.6776,1293.3612,1065.882,676.8776,452.722,484.168,386.42,353.7,1295.9062,386.468,419.716,321.64,676.14,870.04,353.14,708.12,418.438,419.1576,353.14,354.04,353.34,452.1656,354.188,647.114,482.84,516.416,451.46,354.82,353.34,644.4,970.71345,612.3696,483.4764,581.88,1421.0375,643.916,513.988,547.9276,385.888,675.0376,579.4376,579.4376,353.64,353.64,513.74,513.74,418.288,837.6472
meanDeviation,197.576,197.576,411.0816,350.03832,484.7576,229.934399386,152.5782976,244.291088,334.59792,285.7,348.046,167.12,638.64352,563.118,288.288,545.8556,212.9656,379.808,499.9556,167.9632,288.676,318.94752,197.28752,227.928,212.9656,213.068,272.728,272.96,272.628,273.116,1207.98,410.6097,669.51552,258.328,213.17552,456.208,410.428,196.968,989.1168,243.216,243.768,578.50048,531.64,165.8,165.8,698.65552,244.29349952,606.9776,879.2482,653.6262,366.622192,866.96552,424.3456,608.79352,501.5776,318.70752,213.18,228.176,182.52,166.5,608.65784,182.016,198.4152,151.72,318.66,408.2,166.04,334.58,197.338,197.68192,166.64,165.6,166.88,213.17552,167.3376,304.408,228.02,243.708,213.46,166.8976,166.88,303.46,457.414,288.72,228.14,274.7456,670.68,303.028,242.288,258.23752,181.728,320.26752,274.67552,274.67552,166.48,166.48,242.88,242.88,197.128,396.34752
product,131.456,131.456,273.69,233.972,321.658,152.5782976,102.910012518,163.589504,222.1016,190.2,232.28,111.89,425.886,375.524,192.44,365.796,141.89,253.0,334.996,112.724379349,192.34,212.5376,132.0776,151.98,141.89,142.18,182.48,182.38,182.58,182.38,807.86,274.0876,446.7356,173.228,142.2376,304.888,274.24,130.8764,659.4928,161.608,162.18,385.228,354.4,111.0,111.0,465.8556,163.7454976,404.948,585.518,435.178,243.997499349,578.8856,284.076,405.786,334.7376,213.5176,141.78,151.89,122.18,111.5,404.7776,121.5564,132.8488,101.512,212.564,272.22,111.0,223.42,132.22,131.8376,111.12,110.4,111.6,142.2376,112.2376,202.69,152.49,162.29,142.29,110.9,111.6,202.334,304.548,192.724,152.608,182.73,446.248,202.24,162.24,172.5876,121.38,213.9176,183.9256,183.9256,111.38,111.38,162.16,162.16,131.78,264.7576
weightedMean,209.188,209.188,440.04508224,375.59456,515.9892,244.291088,163.589504,263.331999539,356.6028,304.7,371.32,178.9564,682.56262,601.916,307.352,586.588704,227.178,404.708,537.100704,180.16552,307.228,341.3656,210.9256,243.728,227.178,227.488,291.592,291.468,291.716,291.468,1295.406,438.9004,716.2092,276.408,227.5656,488.2976,439.684,209.29,1055.37512,258.94256,260.308,617.81632,565.32,176.6,176.6,745.9716,262.6172608,648.6616,936.8752,696.9837,390.65168,928.3968,455.553504,650.55512,535.7136,342.8512,227.22,243.36,195.568,177.788,648.5316,194.578,212.792656,162.09,338.7,435.12,176.84,356.968,211.83552,210.7256,177.14,176.4,177.78,227.5656,179.34,325.018,244.218,260.2,228.1964,176.94,177.78,322.91,488.4052,307.56,244.04,293.298,714.3728,322.928,258.728,277.2132,194.228,341.4696,294.1576,294.1576,177.98,177.98,258.62,258.62,211.068,424.2504
autoCorrelation,288.3,288.3,602.7445328,512.45952,712.57097,334.59792,222.1016,356.6028,492.792479206,420.968,510.48,243.78,933.08255,821.668,420.688,798.3756,311.328,555.128,731.6756,244.86352,421.588,466.24752,288.18752,333.7656,311.328,311.428,398.528,399.128,398.528,399.428,1770.595,598.8776,977.82552,376.528,311.48752,666.90952,599.703,289.04,1444.84056,357.565504,356.26,847.707832,776.196,242.6,242.6,1021.09602,357.3451008,887.117504,1287.0424,955.0854,535.35076736,1266.67552,621.2356,889.077,732.914,466.22752,311.0605,334.0576,266.52,243.0,892.477024,267.0056,289.456,221.38,464.908,597.24,243.24,487.38,288.768,288.80752,243.44,243.84,243.28,311.48752,243.9376,445.068,332.38,355.928,310.98,244.18,243.28,442.28,667.96352,421.96512,333.02,400.968,977.875832,443.8776,354.288,377.48752,266.028,466.477504,400.02752,400.02752,243.38,243.38,354.24,354.24,288.428,578.15549696
binarySearchFromTo,248.1,248.1,514.8,438.1,610.4,285.7,190.2,304.7,420.968,371.244851507,438.7,209.6,799.555,705.3,362.6,685.8,267.3,477.44,629.46,209.8,362.5,401.3,248.3,286.2,267.3,267.3,343.8,343.8,343.7,343.7,1523.96,514.84,839.08,324.2,267.3,572.74,514.7,249.2844,1240.62,306.42,305.0,724.736,669.34,210.44,210.44,876.99,306.168,768.268,1104.405,818.75,457.1,1086.01,533.93,761.555,628.755,400.4,266.4,286.98,229.2,209.7,764.08,230.616,248.04,190.6,402.92,518.15824,211.28,419.88,248.2,248.4,211.08,211.02,210.48,267.3,209.6,381.4,285.7,305.3,266.4,210.3,210.48,381.64,571.1,363.02,285.8,343.1,839.18,383.22,306.68,324.3,230.72,401.28,343.4,343.4,211.12,211.12,305.4,305.4,249.72,497.18
quantile,301.388,301.388,626.322,535.02,742.2,348.046,232.28,371.32,510.48,438.7,538.327499674,255.042,974.8304,859.83,440.32,836.336,325.2084,579.61,766.136,254.92,440.6164,486.44,302.0,347.8,325.2084,325.13,417.08,416.9021,417.4,417.3764,1852.62,626.358,1022.46,393.81,325.1764,695.628,626.09,301.7686,1509.3524,371.5776,370.82,880.03,811.476,254.3,254.3,1068.11,371.52,925.102,1347.48632,998.6588,556.77,1325.05,650.484,928.4304,766.113,488.852,324.14,348.322,278.25,255.56,928.392,278.071,301.36,231.842,487.052,626.2184,254.54,510.648,302.04,301.4821,254.85,255.8176,254.81,325.1764,255.01,464.313,348.193,371.362,324.462,255.5364,254.81,465.142,696.252,441.39,348.258,417.8284,1020.0721,463.46,370.38,394.93728,277.76,486.73,417.25,417.25,254.52,254.52,370.49,370.49,300.96,602.89
sumOfLogarithms,144.0,144.0,300.96752,256.612,354.04,167.12,111.89,178.9564,243.78,209.6,255.042,124.159984333,470.015392,415.2581568,213.065024,402.560251648,157.0969088,279.273024,368.723637248,123.52,212.61472,234.36512,145.93344,167.9466048,157.0969088,157.2350848,202.0753408,201.625024,201.8501824,201.625024,887.59704,303.094320358,493.028448,191.513024,157.185024,335.128,302.2866048,143.94,725.128,177.34,179.2985216,422.76,391.52992,122.8432,122.8432,514.115968,178.952,445.688,645.718488,480.456488,267.26,638.411488,313.00952,447.965392,369.761984,235.267237248,156.8466048,168.094976,135.13472,123.519872,445.566848,133.628,145.7776,112.644928,234.328,300.808,123.0832,247.2144,146.084315648,145.73344,123.2832,121.64,123.783488,157.185024,124.2353408,224.0488896,168.77408768,179.5469696,157.61198121,122.8432,123.783488,223.808,336.533088,212.81472,168.2334208,201.9488896,491.9488,223.41472,179.65472,190.687228416,134.594688,235.99104,203.050624,203.050624,123.594688,123.594688,179.17472,179.17472,146.0466048,291.9888
kurtosis,549.89,549.89,1150.9632,981.37712,1358.031,638.64352,425.886,682.56262,933.08255,799.555,974.8304,470.015392,1799.03957824,1583.89869809,809.04944,1534.75108397,597.175853696,1065.08599956,1405.71814278,469.69752,809.059744,893.086852,554.00330624,639.984352419,597.175853696,598.0747648,766.430048,766.5906816,766.020048,766.4403648,3395.097784,1154.4800568,1881.93421344,726.6761088,598.13842688,1279.9156,1152.0388688,549.2,2770.5892,678.329602,683.801450416,1618.38941,1490.040544,465.2864,465.2864,1962.71990944,681.9286,1700.006,2470.12006628,1836.45466628,1022.20215,2442.11625644,1193.53712247,1713.67457445,1411.88252806,896.3845136,598.4838816,639.0858816,512.91744,468.27944,1703.82451456,507.77,555.4296,426.341424,891.8745024,1145.868512,465.6864,940.4184,554.59846496,554.46581504,467.244,463.4,468.98448,598.13842688,470.9881088,854.6587712,641.485984,683.8388992,599.5987584,466.9882848,468.98448,850.694,1285.38036619,809.45504,641.853056,770.418614656,1881.252,849.111744,680.38944,725.4314528,510.12928,896.420928,771.1801088,771.1801088,468.12928,468.12928,680.30704,680.30704,553.833088,1112.3304
pooledMean,484.5,484.5,1014.2184,865.1456,1194.202,563.118,375.524,601.916,821.668,705.3,859.83,415.2581568,1583.89869809,1401.1480001,715.18744,1355.2937952,527.00120361,939.064607456,1240.9519072,414.206,713.9227744,787.67728,490.026464,564.301776896,527.00120361,527.852952838,677.368048,676.72880832,676.988048,676.10339648,2988.17848,1019.368256,1660.81666496,641.386048,527.70339648,1128.64,1015.77358917,484.25,2444.066,596.988,603.346364928,1425.164,1314.1935744,410.5864,410.5864,1731.04162496,601.616,1500.9104,2177.81182008,1619.48382008,900.7116,2155.65033508,1054.68359427,1509.89869809,1245.34955712,792.4620992,527.84212096,564.1704176,453.06944,414.39944,1500.73849492,448.5676,489.532,376.801909862,788.765,1012.16076,411.2264,830.9436,489.78116096,489.70488,413.1324,408.0,414.442928,527.70339648,415.970048,753.929676467,567.1791936,603.570375501,529.74238336,412.1964,414.442928,753.148,1133.44647608,714.47744,566.574472768,679.86466857,1660.426,748.9127744,600.53744,641.275296,450.4093376,791.85088,681.010048,681.010048,413.159328,413.159328,600.99544,600.99544,488.91316096,982.0144
add,249.0,249.0,517.376,441.302,610.688,288.288,192.44,307.352,420.688,362.6,440.32,213.065024,809.04944,715.18744,369.612319437,692.884544,270.26272,481.99168,634.470272,212.04,368.608935834,403.5936,251.750032,289.34272,270.26272,270.80224,348.647199846,347.64384,348.119847034,347.64384,1529.33712,522.236224,849.00272,329.92224,270.75424,577.528,520.43072,248.26,1251.289,305.88,308.79424,728.168,677.92512,211.9232,211.9232,886.21032,307.948,769.9216,1113.80792,828.00792,460.44,1098.98744,538.9068,771.04944,636.80912,404.683472,270.09472,289.4512,232.75424,213.142247034,767.74272,230.308,250.128,193.5632,405.7552,519.752,212.6032,426.89024,251.087872,251.3024,213.5744,210.04,213.7744,270.75424,213.5666816,385.81424,290.41641024,309.18272,270.996544,212.4544,213.7744,386.664,579.14944,367.62624,289.69472,347.59424,849.13024,385.742144,310.022144,328.070272,231.8112,408.58592,350.02176,350.02176,212.5632,212.5632,310.7682048,310.7682048,251.30272,503.53824
cosineDistance,470.928,470.928,984.8544,841.938624,1158.5276,545.8556,365.796,586.588704,798.3756,685.8,836.336,402.560251648,1534.75108397,1355.2937952,692.884544,1324.43860746,510.710448,911.340608,1211.08790958,402.59752,691.79424,766.017408,475.181088,547.546496,510.710448,511.564608,656.9749248,655.884608,657.1652416,655.884608,2920.998144,988.619351962,1609.9863136,622.6226816,511.5842816,1095.9716,989.065568,469.87,2373.19472,580.16,584.399296,1383.65312,1274.04864,399.5712,399.5712,1678.4008096,586.1392,1460.4496,2111.83212992,1568.87212992,873.286,2088.94951437,1025.5025927,1462.49608397,1205.95598758,771.08296407,510.647488,546.89344,439.63424,401.626848,1454.6492896,435.758,475.922,364.95864,763.704,981.456,399.0832,804.6768,476.165776998,474.081088,399.9632,397.2,401.21344,511.5842816,403.42500096,730.433296,549.7660576,584.716288,512.683099648,399.0832,401.21344,728.574,1097.16681792,692.34624,549.175968,658.313296,1606.796,727.99424,583.11424,623.056580326,436.97264,767.386688,660.4658816,660.4658816,400.72464,400.72464,582.34624,582.34624,474.476448,952.7136
manhattanDistance,183.64,183.64,382.856,326.21,452.016,212.9656,141.89,227.178,311.328,267.3,325.2084,157.0969088,597.175853696,527.00120361,270.26272,510.710448,199.909996442,355.52092416,467.899024,156.52,270.41309696,297.81312,185.18144,213.447000832,199.909996442,199.945480806,256.273024,256.133201408,256.073024,256.423416832,1128.02904,384.280012,626.36732032,242.473024,199.983416832,425.88,383.997077606,183.82,922.344,226.668,227.924112128,538.114,497.4302848,155.8432,155.8432,653.48844032,227.578,566.208,821.80666208,610.96226208,339.97,810.7474688,397.21512,569.125853696,469.6171744,298.467024,199.07179648,213.9349376,171.33472,156.49472,567.73256448,170.0776,184.96,142.644928,297.488,382.068,156.3232,313.3744,185.30661696,185.21344,156.5232,155.24,156.783488,199.983416832,157.185024,285.039380326,213.7488896,228.247396966,199.67408768,156.5712,156.783488,283.968,427.53598848,270.17472,213.4654208,256.881995776,624.8756,284.3630848,227.90272,241.907008,170.8446976,299.38944,257.249024,257.249024,156.594688,156.594688,227.41472,227.41472,185.29661696,370.2992
chebyshevDistance,328.8656,328.8656,682.208,581.83,806.244,379.808,253.0,404.708,555.128,477.44,579.61,279.273024,1065.08599956,939.064607456,481.99168,911.340608,355.52092416,636.749440717,834.643104,278.92,482.5516416,531.77952,329.70464,380.4609408,355.52092416,356.42250496,456.502144,456.53713344,456.272144,457.06212096,2014.153024,686.088512,1117.32180416,432.900544,356.37252096,760.72,685.49090816,327.33,1647.969488,404.096,406.4104832,960.91,889.6614016,278.234688,278.234688,1165.64044416,405.308,1013.9776,1465.05117824,1089.29117824,606.6064,1445.9127648,707.56152,1015.08599956,837.46764928,531.273104,354.9629824,380.54944,305.27424,278.64424,1012.39097344,302.338,330.0,253.41344,531.15552,682.072,278.4144,559.872448,329.421024,329.89264,279.15584,277.04,279.80608,356.37252096,280.124544,508.49049216,381.022608,407.01090816,355.8625664,278.6544,279.80608,505.536,762.58065024,482.294848,381.097024,457.90050816,1117.55624,507.864639693,406.58176,430.363104,304.27264,534.48864,459.223744,459.223744,279.02464,279.02464,405.740544,405.740544,330.212544,662.05824
tanimotoDistance,431.428,431.428,902.3904,771.058624,1062.0276,499.9556,334.996,537.100704,731.6756,629.46,766.136,368.723637248,1405.71814278,1240.9519072,634.470272,1211.08790958,467.899024,834.643104,1109.49592084,368.69752,633.50512,701.917664,435.223104,501.574848,467.899024,468.535104,601.8402624,600.875104,601.9054208,600.875104,2672.559424,905.163907482,1474.1872192,569.9051008,468.5747008,1004.1076,905.046624,430.87,2173.25312,531.72,535.176448,1267.87312,1166.43232,366.3232,366.3232,1537.0117248,536.8592,1338.0056,1934.89261696,1436.99261696,799.886,1913.12558758,939.649100365,1339.46314278,1104.58610419,706.08060375,467.676544,501.11392,402.60512,367.767424,1332.5582048,399.558,435.758,334.39912,699.884,899.496,366.0656,736.7424,436.203480166,434.323104,366.6056,364.0,367.65552,468.5747008,369.39026048,668.910448,503.1928288,535.425344,469.335061248,365.7256,367.65552,667.654,1004.72476096,633.77712,502.806784,602.790448,1471.076,667.05312,534.40512,570.594696166,400.99312,702.395904,604.4555008,604.4555008,367.74512,367.74512,533.25712,533.25712,435.245024,871.9936
sum,144.32,144.32,302.483104,258.0916,354.508,167.9632,112.724379349,180.16552,244.86352,209.8,254.92,123.52,469.69752,414.206,212.04,402.59752,156.52,278.92,368.69752,125.080076595,211.84,234.176,145.496,167.38,156.52,156.88,201.28,201.08,201.18,201.08,887.99,302.026,492.774,191.208,156.976,337.223488,302.536,144.3776,728.143488,178.116,178.88,425.605088,390.336,122.0,122.0,513.384,180.202,447.208,644.5482,479.7882,269.015999744,638.314,312.82752,447.64752,369.066,234.896,156.28,167.52,134.968,122.7,446.9152,134.3152,147.2848,111.968,234.7856,300.12,122.0,246.648,145.49,145.376,122.24,121.4,122.92,156.976,123.976,223.72,168.22,179.12,157.12,122.0,122.92,223.208,336.1432,212.67552,167.992,201.8,492.92544,222.64,178.64,190.226,133.68,235.176,202.816,202.816,122.68,122.68,178.24,178.24,145.28,292.88352
dec,249.44,249.44,517.628,441.39,611.916,288.676,192.34,307.228,421.588,362.5,440.6164,212.61472,809.059744,713.9227744,368.608935834,691.79424,270.41309696,482.5516416,633.50512,211.84,368.732319437,403.5936,251.0724,289.393024,270.41309696,270.8146816,347.64384,347.469847034,347.41384,347.767199846,1528.54912,521.73356,848.8074848,329.43424,270.877599846,577.28,520.2430848,248.58,1250.5236,306.768,308.969696,729.174,678.4254848,211.7232,211.7232,885.8366848,307.828,768.496,1113.7211872,827.9611872,460.95,1097.641744,537.6036,771.059744,636.491392,403.81512,270.119872,289.4512,232.26624,212.43624,769.0603872,229.988,250.12,193.1632,404.3376,518.724,212.4032,425.96224,250.76272,251.100032,213.1344,210.44,213.3344,270.877599846,213.06624,386.0346048,289.75624,309.2430848,270.671392,212.514688,213.3344,384.8,579.5522592,367.34624,289.62672,347.86461696,848.5716,386.0425088,309.822144,327.30512,231.6112,408.0864,349.52224,349.52224,212.3632,212.3632,310.3282048,310.3282048,251.10272,502.75072
errorRate,275.536,275.536,573.6056,488.988,676.5776,318.94752,212.5376,341.3656,466.24752,401.3,486.44,234.36512,893.086852,787.67728,403.5936,766.017408,297.81312,531.77952,701.917664,234.176,403.5936,449.49000192,276.28550016,319.49776,297.81312,297.96352,382.16352,382.06352,382.06352,382.16352,1696.2821552,576.0802176,937.23261952,362.045504,298.02550016,637.896,575.37312,274.54,1381.7616,338.9,341.21264,806.8056,744.4528,233.5216,233.5216,977.77581952,340.88752,851.5456,1227.854848,913.037348,509.7576,1212.43962752,594.817664,851.184352,701.5969216,447.131771392,298.250592,319.025024,255.7456,233.3256,848.75469952,254.228,276.768,212.72512,445.088,573.31488,233.4256,468.92,276.83808,276.311300096,233.8656,231.82,234.31552,298.02550016,234.5755008,425.81264,319.56464,340.87264,298.76464,233.07712,234.31552,424.208,639.77408,403.3256,319.33904,383.85264,935.7368,425.0896,340.3536,362.206619392,256.06304,448.08470016,384.67510016,384.67510016,234.81504,234.81504,339.9952,339.9952,277.70304,554.31952
scale,170.12,170.12,354.6656,303.018,418.4376,197.28752,132.0776,210.9256,288.18752,248.3,302.0,145.93344,554.00330624,490.026464,251.750032,475.181088,185.18144,329.70464,435.223104,145.496,251.0724,276.28550016,173.079999642,197.88144,185.18144,185.64264,238.760272,238.08264,238.792928,238.08264,1047.6756,356.8366976,581.551915443,225.724688,185.70469952,395.808,356.65144,170.28,857.4856,209.44,211.28144,498.8056,461.6904,144.9432,144.9432,607.149899443,211.52752,526.9656,763.2204864,567.1104864,314.8976,753.84374569,370.17548224,528.00330624,436.226517248,278.05950016,184.63344,198.38144,159.6244,146.214688,525.549299456,158.168,171.628,132.559232,277.219056,355.4944,145.4232,291.8096,172.18144,172.30469952,145.8108,143.84,146.06104,185.70469952,146.4546976,264.32144,199.03144,211.58144,185.33344,145.3444,146.06104,264.6188,396.2404864,251.1328,198.425024,238.02144,580.6112,263.9112,211.9512,225.00550016,158.68144,278.66469952,239.42469952,239.42469952,145.43344,145.43344,211.6508,211.6508,172.08144,344.56072
eucleadianDistance,196.4,196.4,410.216,349.788,484.27625,227.928,151.98,243.728,333.7656,286.2,347.8,167.9466048,639.984352419,564.301776896,289.34272,547.546496,213.447000832,380.4609408,501.574848,167.38,289.393024,319.49776,197.88144,229.881989325,213.447000832,213.495416832,273.633024,273.5581824,273.533024,273.6833408,1210.950144,412.735168,670.7131648,259.273024,213.4833408,455.684,410.902000832,196.24,987.328,243.077504,244.680847949,577.29128,533.809344,166.6432,166.6432,700.1076648,243.808,606.808,879.3635744,653.7985744,364.7576,868.25648896,425.50288,609.778789824,502.65768448,319.954848,213.75146448,228.5446976,183.13472,167.19472,607.4297744,181.7376,197.82,152.494688,318.136,408.908,167.0832,335.5264,198.54692096,197.88144,167.5632,165.6,167.823488,213.4833408,167.985024,305.606113792,229.2176896,244.618113792,214.04288128,167.0832,167.823488,303.22,458.721776896,288.81472,229.1584128,274.938113792,669.4382,303.913024,243.66272,259.104544,182.9446976,321.14944,275.529024,275.529024,167.694688,167.694688,243.69472,243.69472,198.39661696,396.6512
distance1,183.64,183.64,382.856,326.21,452.016,212.9656,141.89,227.178,311.328,267.3,325.2084,157.0969088,597.175853696,527.00120361,270.26272,510.710448,199.909996442,355.52092416,467.899024,156.52,270.41309696,297.81312,185.18144,213.447000832,199.909996442,199.945480806,256.273024,256.133201408,256.073024,256.423416832,1128.02904,384.280012,626.36732032,242.473024,199.983416832,425.88,383.997077606,183.82,922.344,226.668,227.924112128,538.114,497.4302848,155.8432,155.8432,653.48844032,227.578,566.208,821.80666208,610.96226208,339.97,810.7474688,397.21512,569.125853696,469.6171744,298.467024,199.07179648,213.9349376,171.33472,156.49472,567.73256448,170.0776,184.96,142.644928,297.488,382.068,156.3232,313.3744,185.30661696,185.21344,156.5232,155.24,156.783488,199.983416832,157.185024,285.039380326,213.7488896,228.247396966,199.67408768,156.5712,156.783488,283.968,427.53598848,270.17472,213.4654208,256.881995776,624.8756,284.3630848,227.90272,241.907008,170.8446976,299.38944,257.249024,257.249024,156.594688,156.594688,227.41472,227.41472,185.29661696,370.2992
distanceInf,183.64,183.64,383.108,326.832,452.116,213.068,142.18,227.488,311.428,267.3,325.13,157.2350848,598.0747648,527.852952838,270.80224,511.564608,199.945480806,356.42250496,468.535104,156.88,270.8146816,297.96352,185.64264,213.495416832,199.945480806,200.709996442,257.012544,256.76225344,256.756544,257.02500096,1128.30912,384.444624,627.62988416,243.374848,200.58500096,427.5,385.083493581,183.58,924.546,226.568,228.272176128,539.014,498.0302848,155.8432,155.8432,654.41692416,228.088,567.8336,821.88589824,611.44989824,340.052,812.8796288,397.81552,570.0747648,470.6092224,298.827104,199.22024448,214.1310976,172.036544,156.77824,568.093201408,170.0376,185.56,142.543488,297.8656,382.596,156.3232,314.31424,185.36509696,185.64264,156.5744,155.24,157.034688,200.58500096,157.886848,285.587092941,214.0786816,228.645496115,200.01184128,156.5744,157.034688,284.048,428.08257024,270.71424,213.9270848,257.317080166,626.937024,284.7630848,228.30272,242.095104,170.7934976,300.09088,258.350848,258.350848,156.543488,156.543488,227.66624,227.66624,185.44509696,371.881024
ebeAdd,235.4,235.4,490.816,418.702,578.888,272.728,182.48,291.592,398.528,343.8,417.08,202.0753408,766.430048,677.368048,348.647199846,656.9749248,256.273024,456.502144,601.8402624,201.28,347.64384,382.16352,238.760272,273.633024,256.273024,257.012544,331.469919642,330.46653993,330.942555923,330.46653993,1449.25712,493.3185408,804.142624,312.892544,256.964544,548.168,493.601024,235.46,1185.529,289.88,292.284608,690.008,639.09792,200.6832,200.6832,839.390544,292.388,729.3216,1054.538224,783.938224,435.52,1042.368048,511.27672,730.430048,603.509664,383.8534624,255.385024,274.46144,220.91424,201.902247034,727.113024,218.548,237.728,183.37344,383.6352,492.216,201.4032,403.83424,238.0981824,238.31264,201.6544,199.48,202.10464,256.964544,202.77700096,365.504608,274.906785408,292.673024,256.4869248,201.0144,202.10464,366.064,548.079744,347.54624,274.185024,329.284608,803.73024,365.60224,293.93024,311.0402624,219.62144,385.38016,331.480064,331.480064,201.37344,201.37344,292.98624,292.98624,238.313024,476.93824
ebeDivide,235.51,235.51,491.168,418.46,579.53,272.96,182.38,291.468,399.128,343.8,416.9021,201.625024,766.5906816,676.72880832,347.64384,655.884608,256.133201408,456.53713344,600.875104,201.08,347.469847034,382.06352,238.08264,273.5581824,256.133201408,256.76225344,330.46653993,330.589919642,330.23653993,330.292555923,1448.62512,493.090784,804.04589824,312.404544,256.790558227,547.8,493.15069824,235.45,1183.8264,290.314,292.4600832,691.096,639.2355872,200.4832,200.4832,838.73021824,292.268,727.896,1054.06700416,783.63700416,436.16,1041.6846816,509.97352,730.5906816,603.4982208,382.985104,255.6353408,274.23144,220.42624,201.19624,728.23340416,218.228,237.6,182.97344,382.1176,491.188,201.2032,402.80624,237.773024,238.372928,201.2144,199.68,201.66464,256.790558227,202.276544,365.34228224,274.246608,292.47069824,256.2869248,200.812032,201.66464,364.1,548.54042816,347.06624,274.373024,329.384785408,803.89024,365.6399072,293.73024,310.275104,219.42144,384.88064,330.980544,330.980544,201.17344,201.17344,292.54624,292.54624,238.113024,476.05072
ebeMultiply,235.3,235.3,490.592,418.978,578.788,272.628,182.58,291.716,398.528,343.7,417.4,201.8501824,766.020048,676.988048,348.119847034,657.1652416,256.073024,456.272144,601.9054208,201.18,347.41384,382.06352,238.792928,273.533024,256.073024,256.756544,330.942555923,330.23653993,331.009919642,330.23653993,1449.24712,493.0933824,803.830624,312.636544,256.734544,547.744,493.245024,235.48,1184.912,289.88,292.184608,690.108,638.99792,200.5832,200.5832,839.268544,292.508,728.5844,1054.508224,783.638224,435.42,1041.968048,511.33632,730.020048,603.069664,384.1482208,255.285024,274.24144,220.65824,201.969599846,726.913024,218.568,237.604,183.17344,382.792,491.53,201.3032,403.24824,238.1233408,238.08264,201.4244,199.48,201.87464,256.734544,202.51425344,365.424608,274.997000832,292.453024,256.2617664,200.7844,201.87464,364.996,547.779744,347.19624,274.185024,329.084608,802.894,365.50224,293.83024,310.8454208,219.52144,385.11792,331.217824,331.217824,201.27344,201.27344,292.75624,292.75624,238.213024,476.432
ebeSubtract,235.84,235.84,491.068,418.79,580.116,273.116,182.38,291.468,399.428,343.7,417.3764,201.625024,766.4403648,676.10339648,347.64384,655.884608,256.423416832,457.06212096,600.875104,201.08,347.767199846,382.16352,238.08264,273.6833408,256.423416832,257.02500096,330.46653993,330.292555923,330.23653993,330.589919642,1448.46912,492.815864,803.94740416,312.404544,257.087919821,547.92,493.41340416,235.78,1184.7636,290.768,292.4600832,691.014,639.5982848,200.4832,200.4832,839.01692416,292.268,727.896,1054.45149824,783.89149824,436.03,1041.0223648,509.97352,730.4403648,603.1919424,382.985104,255.4101824,274.46144,220.42624,201.19624,728.43069824,218.228,237.72,182.97344,382.2176,491.188,201.2032,402.90624,237.773024,238.110272,201.2144,199.88,201.66464,257.087919821,202.276544,365.72498816,274.246608,292.73340416,256.1617664,201.074688,201.66464,364.2,548.48257024,347.26624,274.117024,329.555000832,803.1716,365.9026048,293.73024,310.275104,219.42144,384.88064,330.980544,330.980544,201.17344,201.17344,292.54624,292.54624,238.113024,476.15072
safeNorm,1044.774,1044.774,2180.0125,1860.6064,2577.2014,1207.98,807.86,1295.406,1770.595,1523.96,1852.62,887.59704,3395.097784,2988.17848,1529.33712,2920.998144,1128.02904,2014.153024,2672.559424,887.99,1528.54912,1696.2821552,1047.6756,1210.950144,1128.02904,1128.30912,1449.25712,1448.62512,1449.24712,1448.46912,6524.96518042,2182.25832,3553.60584,1371.00512,1128.50912,2420.13376,2189.404552,1043.08,5246.329216,1286.675,1290.29058,3064.04926,2816.15424,885.24512,885.24512,3712.42544,1292.66,3225.668,4673.0435876,3468.9111376,1936.055,4608.879088,2261.49312,3232.648784,2664.118144,1699.295024,1129.14124,1207.9952,968.35712,885.84712,3223.28424,964.97,1048.9348,805.9652,1688.448,2174.068,883.3352,1774.20824,1049.825024,1046.9656,883.9952,882.64,885.5952,1128.50912,888.07712,1613.56558,1211.11808,1290.32824,1129.94808,883.3956,885.5952,1610.41,2424.11316096,1530.35712,1211.58808,1452.22808,3547.83072,1609.569024,1287.22704,1374.26704,966.6048,1694.03008,1454.352768,1454.352768,886.6048,886.6048,1287.636768,1287.636768,1048.25696,2099.10272
entropy,354.5972,354.5972,738.55352,629.758,869.18,410.6097,274.0876,438.9004,598.8776,514.84,626.358,303.094320358,1154.4800568,1019.368256,522.236224,988.619351962,384.280012,686.088512,905.163907482,302.026,521.73356,576.0802176,356.8366976,412.735168,384.280012,384.444624,493.3185408,493.090784,493.0933824,492.815864,2182.25832,746.571663002,1210.83059456,468.5062848,384.47593696,821.676,741.087344,352.67,1780.9406,435.454,440.172288,1038.914,963.6475808,301.102800384,301.102800384,1261.70547456,438.3776,1096.59824,1586.5156968,1180.0856968,657.2076,1567.29969536,767.421776,1100.2750568,907.29430656,576.881519923,385.356384,411.199328,330.19792,302.003072,1094.12715456,326.64,356.6356,275.13928,575.052,737.8936,300.9376,606.6048,357.50894144,356.8006976,302.3976,297.8,303.28784,384.47593696,303.278616832,549.717696,413.8864928,440.6077568,386.472545613,300.8074,303.28784,548.038,827.1314368,521.81792,413.63456,495.49006,1209.94,547.626096,439.289408,467.111543091,329.63024,579.6102976,497.21389696,497.21389696,302.63024,302.63024,439.64592,439.64592,357.522144,716.6368
g,576.538,576.538,1205.4076,1028.7316,1420.1852,669.51552,446.7356,716.2092,977.82552,839.08,1022.46,493.028448,1881.93421344,1660.81666496,849.00272,1609.9863136,626.36732032,1117.32180416,1474.1872192,492.774,848.8074848,937.23261952,581.551915443,670.7131648,626.36732032,627.62988416,804.142624,804.04589824,803.830624,803.94740416,3553.60584,1210.83059456,1977.22929633,762.6746048,627.699403341,1343.203,1208.60197696,575.712,2905.9506,710.71,716.7086592,1695.7976,1565.01789939,487.9112,487.9112,2058.54543409,715.89304,1785.6936,2586.47471549,1923.64071549,1071.0436,2557.72173059,1251.72169616,1793.62921344,1479.27696973,940.421759392,626.3143744,670.39248,538.54672,491.44272,1785.0675042,532.842,582.604,447.062448,935.41552,1201.7136,488.5712,987.296,581.777648,581.74101952,490.3488,486.032,492.04864,627.699403341,494.35661696,896.186550656,673.09970688,717.37148032,628.5932928,489.7412,492.04864,892.653104,1347.04695949,849.39832,673.10844,807.83896832,1972.0032,890.7874848,713.87072,761.220504192,535.23824,941.12301952,809.790619392,809.790619392,490.99024,490.99024,713.88032,713.88032,581.210144,1167.82072
calculateAbsoluteDifferences,223.0,223.0,464.608,396.5964,546.38,258.328,173.228,276.408,376.528,324.2,393.81,191.513024,726.6761088,641.386048,329.92224,622.6226816,242.473024,432.900544,569.9051008,191.208,329.43424,362.045504,225.724688,259.273024,242.473024,243.374848,312.892544,312.404544,312.636544,312.404544,1371.00512,468.5062848,762.6746048,298.804800205,243.4146048,519.888,468.010624,221.9,1123.394,274.08,277.172608,654.428,609.04352,190.1232,190.1232,795.4285888,277.0288,690.89952,997.1862848,742.4062848,412.968,987.0861696,483.137504,692.6761088,571.9477248,362.9171008,242.273024,259.41344,209.51458816,190.90624,688.6430848,205.94,225.88,173.57344,362.5056,465.136,190.6512,383.519744,225.393024,225.514688,190.9024,188.68,191.75264,243.4146048,192.4649088,346.272608,260.604608,277.313024,243.412608,189.7744,191.75264,345.008,520.5458048,329.63424,260.2729408,312.2725248,763.2145408,346.58272,279.06272,293.9851008,207.81344,366.494528,315.2569088,315.2569088,190.81344,190.81344,277.63424,277.63424,225.673024,453.1745408
calculateDifferences,183.64,183.64,383.2056,326.918,452.1656,213.17552,142.2376,227.5656,311.48752,267.3,325.1764,157.185024,598.13842688,527.70339648,270.75424,511.5842816,199.983416832,356.37252096,468.5747008,156.976,270.877599846,298.02550016,185.70469952,213.4833408,199.983416832,200.58500096,256.964544,256.790558227,256.734544,257.087919821,1128.50912,384.47593696,627.699403341,243.4146048,200.709999104,427.648,385.09340416,183.58,924.8612,226.568,228.2600832,539.1916,498.0302848,155.8432,155.8432,654.488987341,228.16752,567.8256,822.189560448,611.629560448,340.0876,812.734503859,397.873104,570.13842688,470.612016896,298.847100032,199.2101824,214.02144,172.06624,156.75624,568.092775373,170.028,185.608,142.53344,297.8176,382.548,156.3232,314.34624,185.333024,185.73233152,156.5744,155.24,157.02464,200.709999104,157.89661696,285.52498816,214.046608,228.53340416,199.9617664,156.634688,157.02464,284.0,428.220632448,270.62624,213.957024,257.395000832,626.8996,284.7630848,228.30272,242.137100032,170.78144,300.10269952,258.362619392,258.362619392,156.53344,156.53344,227.66624,227.66624,185.433024,371.89024
computeDividedDifference,392.836,392.836,822.0246008,701.9992,968.932,456.208,304.888,488.2976,666.90952,572.74,695.628,335.128,1279.9156,1128.64,577.528,1095.9716,425.88,760.72,1004.1076,337.223488,577.28,637.896,395.808,455.684,425.88,427.5,548.168,547.8,547.744,547.92,2420.13376,821.676,1343.203,519.888,427.648,921.782314598,824.1712,392.49,1986.89819104,484.704,487.688,1158.71369952,1063.2936,331.84,331.84,1400.5294,488.908,1219.104,1758.60472,1307.85162,729.53744,1740.968,852.4936,1219.8156,1006.2616,639.372,425.43,455.98,367.224,333.864,1215.6832,363.8876,398.872,303.44,638.312,819.2336,332.04,671.944,395.104,395.848,332.64,331.0,334.08,427.648,336.896,610.1164,457.344,487.7,427.208,332.52,334.08,607.808,915.56112,577.5152,457.28,549.72,1344.34154,606.7,485.92,517.472,363.68,639.776,551.616,551.616,333.48,333.48,485.08,485.08,395.32,796.74512
computeCanberraDistance,353.92,353.92,739.0966,630.807056,871.796,410.428,274.24,439.684,599.703,514.7,626.09,302.2866048,1152.0388688,1015.77358917,520.43072,989.065568,383.997077606,685.49090816,905.046624,302.536,520.2430848,575.37312,356.65144,410.902000832,383.997077606,385.083493581,493.601024,493.15069824,493.245024,493.41340416,2189.404552,741.087344,1208.60197696,468.010624,385.09340416,824.1712,744.841628979,352.88,1782.8308,435.723,439.249305728,1039.6402,957.7902848,300.0832,300.0832,1260.71204096,439.672,1095.9616,1582.30225344,1176.99225344,655.967,1565.4447488,766.64112,1097.7888688,905.3695744,576.117024,383.72210688,411.1726976,330.69024,301.06672,1094.14475725,327.1376,357.616,273.994688,572.896,737.036,299.9232,604.36992,356.51661696,356.55144,300.3632,298.64,301.423488,385.09340416,303.393024,549.189012301,412.0305216,439.487092941,384.86371328,300.1632,301.423488,546.288,824.33427744,520.49472,411.7728448,494.888996966,1207.1088,547.4430848,438.34272,466.585024,328.2446976,577.37344,496.897024,496.897024,300.994688,300.994688,437.74272,437.74272,356.49661696,715.8528
evaluateHoners,171.32752,171.32752,353.96,301.638,420.396,196.968,130.8764,209.29,289.04,249.2844,301.7686,143.94,549.2,484.25,248.26,469.87,183.82,327.33,430.87,144.3776,248.58,274.54,170.28,196.24,183.82,183.58,235.46,235.45,235.48,235.78,1043.08,352.67,575.712,221.9,183.58,392.49,352.88,172.700015002,852.305056,211.52550016,209.34,498.0956,457.298,143.81,143.81,602.212,209.738,523.2,759.366,563.096,314.758,745.59,366.082,523.15,431.72,274.582,182.9,197.02,156.94,144.04,525.226,158.430012621,171.0752,130.94,276.3776,353.9092,144.05,287.71,170.15,170.25,144.05,144.0,143.81,183.58,143.7,262.268,196.088,209.62,182.94,144.58,143.81,262.816,392.738,248.7,195.82,235.82,575.45,262.09,209.25,222.314,157.15,274.14,234.94,234.94,143.91,143.91,208.94,208.94,170.15,339.85
evaluateInternal,854.48544,854.48544,1778.42970032,1519.22672,2102.0332,989.1168,659.4928,1055.37512,1444.84056,1240.62,1509.3524,725.128,2770.5892,2444.066,1251.289,2373.19472,922.344,1647.969488,2173.25312,728.143488,1250.5236,1381.7616,857.4856,987.328,922.344,924.546,1185.529,1183.8264,1184.912,1184.7636,5246.329216,1780.9406,2905.9506,1123.394,924.8612,1986.89819104,1782.8308,852.305056,4305.66491095,1051.336,1055.698,2506.29529988,2304.3248,719.976,719.976,3035.2238,1056.28312,2640.292,3814.99726,2834.60066,1581.00368,3766.6216,1845.16412,2640.1392,2177.337,1384.4346,921.754,987.6576,793.2596,724.344,2632.68392,788.108256,861.1664,657.6,1385.89,1775.376,719.68,1455.5256,855.322,856.402,722.17,716.8,724.25,924.8612,727.634,1321.2092,990.776,1055.936,924.488,722.1076,724.25,1320.318,1981.80664,1251.61192,989.4244,1189.396,2909.882528,1314.303104,1051.288,1120.3576,787.608,1385.81352,1191.8116,1191.8116,722.16,722.16,1051.49,1051.49,855.128,1722.375248
evaluateNewton,210.86752,210.86752,437.27856,372.6536,518.58425,243.216,161.608,258.94256,357.565504,306.42,371.5776,177.34,678.329602,596.988,305.88,580.16,226.668,404.096,531.72,178.116,306.768,338.9,209.44,243.077504,226.668,226.568,289.88,290.314,289.88,290.768,1286.675,435.454,710.71,274.08,226.568,484.704,435.723,211.52550016,1051.336,261.850000077,259.12928,615.8199072,565.344,176.8,176.8,743.1441,259.76512,645.168,935.004,693.959,389.083504,920.1328,450.78,646.12404,532.6464,338.62,226.0245,243.028,193.68,176.84,648.207,194.316,211.32272,161.1,339.1872,434.9808,177.24,354.68,210.12,209.85,177.24,177.2,177.0,226.568,177.24,323.996,241.58,258.868,225.904,177.88,177.0,322.14,485.7636,306.32,241.97,291.428,710.411,323.416,258.08,274.08,193.54,338.928,290.56,290.56,177.1,177.1,257.68,257.68,209.78,419.656
meanDifference,209.6,209.6,438.398,373.4944,517.641,243.768,162.18,260.308,356.26,305.0,370.82,179.2985216,683.801450416,603.346364928,308.79424,584.399296,227.924112128,406.4104832,535.176448,178.88,308.969696,341.21264,211.28144,244.680847949,227.924112128,228.272176128,292.284608,292.4600832,292.184608,292.4600832,1290.29058,440.172288,716.7086592,277.172608,228.2600832,487.688,439.249305728,209.34,1055.698,259.12928,262.086867968,617.62152,569.524096,177.6432,177.6432,747.9307392,260.308,648.088,938.5658592,698.3958592,389.492,928.36663744,454.15264,651.851450416,537.09275872,341.456448,228.88140768,243.9446976,195.78624,178.44624,649.1750592,193.8376,211.68,162.594688,339.436,436.608,178.0832,358.5288,211.64853632,211.48144,178.5632,176.4,179.023488,228.2600832,179.636608,326.331144448,244.6215232,261.043305728,229.147174912,178.1832,179.023488,323.42,490.3571648,308.26624,244.6501696,294.355144448,716.6124,324.489696,260.11424,276.656448,195.0446976,342.79744,294.676608,294.676608,178.794688,178.794688,259.94624,259.94624,211.74853632,423.9904
