min,196.009693389,196.009693389,357.72,306.296,427.232,204.072,135.592,212.236,293.5,250.3,306.836,146.0,558.21,492.1,253.0,477.696,187.16,338.7376,437.196,147.68,254.56,281.712,172.48,199.2,187.16,187.16,238.2,238.59,237.9,239.76,1055.438,363.6372,586.586,227.0,187.16,399.612,360.48,178.08496,879.50432,218.94496,212.8,506.15,472.136,149.4416,149.4416,613.996,213.412,547.456500736,771.37,573.67,324.186,755.1,367.96,532.21,439.35,275.7,186.2,200.16,159.0,146.3,536.326,159.06,175.48,133.36,288.864,360.93,146.6,296.32,171.7,172.99,148.16,145.4,148.16,187.16,146.0,266.96,198.9,213.76,186.2,148.16,148.16,270.656,401.886,256.456,199.47,240.36,591.272,269.696,213.4,223.7,159.6,282.0,240.0,240.0,146.6,146.6,214.36,214.36,172.6,347.936
max,196.009693389,196.009693389,357.72,306.296,427.232,204.072,135.592,212.236,293.5,250.3,306.836,146.0,558.21,492.1,253.0,477.696,187.16,338.7376,437.196,147.68,254.56,281.712,172.48,199.2,187.16,187.16,238.2,238.59,237.9,239.76,1055.438,363.6372,586.586,227.0,187.16,399.612,360.48,178.08496,879.50432,218.94496,212.8,506.15,472.136,149.4416,149.4416,613.996,213.412,547.456500736,771.37,573.67,324.186,755.1,367.96,532.21,439.35,275.7,186.2,200.16,159.0,146.3,536.326,159.06,175.48,133.36,288.864,360.93,146.6,296.32,171.7,172.99,148.16,145.4,148.16,187.16,146.0,266.96,198.9,213.76,186.2,148.16,148.16,270.656,401.886,256.456,199.47,240.36,591.272,269.696,213.4,223.7,159.6,282.0,240.0,240.0,146.6,146.6,214.36,214.36,172.6,347.936
covariance,357.72,357.72,798.963185664,659.71416,900.09366,426.9696,283.17,463.34092224,629.4509136,518.4,637.734,311.24496,1190.1642,1048.8984,527.472,1016.6592,394.392,698.016,930.8112,318.612576,527.796,589.7976,364.1376,422.832,394.392,394.716,502.032,502.656,501.144,502.356,2229.3285,762.00696,1247.2116,478.416,395.9976,853.3910856,764.0046,360.84,1842.13528272,450.96528,453.126,1093.47357696,969.8976,299.4,299.4,1293.1926,458.83488,1120.0176,1630.301976,1216.027476,689.1571008,1621.812,791.34696,1135.7832,931.3245,595.01784,395.295,422.3376,340.272,304.248,1138.5744,336.192,376.335936,279.756,582.876,746.7,300.36,617.352,366.9204,365.9376,301.56,301.56,304.32,395.9976,312.168,565.152,422.964,452.6976,398.96496,303.06,304.32,556.7688,857.798976,534.34656,423.684,513.192,1252.9959456,553.596,442.896,481.98384,333.756,587.6736,511.3536,511.3536,305.58,305.58,441.12,441.12,364.116,745.8575616
durbinWatson,306.296,306.296,659.71416,585.42525184,770.12431,363.89976,243.764,396.67328,531.22496,440.3,548.38,264.544,1017.94056,897.4376,450.554,878.593536,335.29,596.27,803.473536,272.0596,450.71,502.836,312.506,360.636,335.29,337.324,428.754,427.74,430.146,428.91,1910.9584,649.746,1068.0196,409.7044,338.206,732.0312,654.734784,307.886,1580.73616,384.7736,385.1504,925.98184,828.748,255.7,255.7,1106.9306,392.866976,958.7324,1388.76296,1037.98496,585.13704,1393.76352,682.4828,971.59556,797.64096,515.5056,335.3086,359.28,291.62064,262.786,964.14335312,285.27,321.4976,238.13,500.868,639.882,255.7,529.81064,314.1416,311.27,256.99,254.8,260.35,338.206,267.46,482.95,363.126,385.304,338.344,259.126,260.35,476.9404,733.371936,453.914,363.15,436.17,1065.1006,471.82,377.66,413.242,283.44,501.06,436.26,436.26,260.44,260.44,376.19,376.19,309.44,634.8088
lag1,427.232,427.232,900.09366,770.12431,1118.43661865,496.2216,325.766,526.8812,735.95591,615.2,755.8,358.36,1389.267,1216.334,616.736,1173.0516,461.632,821.228,1075.5516,360.916,621.332,687.2016,424.5416,494.34375,461.632,461.932,585.336,587.55,585.036,589.932,2614.7494,880.5,1448.7532,551.62,462.6376,989.424,890.052,431.252,2155.2292,534.65975,530.567,1264.5313,1139.7976,354.7,354.7,1527.39236,524.1116,1300.6616,1916.4764,1419.5,796.96503,1884.2076,914.5016,1323.1532,1087.254,688.1016,463.714,493.656,391.98,357.1,1339.6082,392.556,428.732,325.16,684.66,882.36,355.66,717.08,423.986,426.8216,355.66,358.36,356.26,462.6376,359.236,664.258,488.76,526.832,458.74,361.18,356.26,653.8,996.52095,623.3456,491.3244,595.68,1449.7825,653.332,518.636,557.2516,390.336,682.3416,587.5416,587.5416,357.16,357.16,517.46,517.46,423.536,852.6472
meanDeviation,204.072,204.072,426.9696,363.89976,496.2216,255.444721766,162.1757952,258.008592,347.59536,287.1,355.122,172.08,659.61696,581.406,295.536,559.6476,221.0376,390.816,511.9476,177.0192,297.372,329.06496,203.72496,234.696,221.0376,220.356,279.096,280.02,278.796,280.932,1225.92,423.5337,691.92096,265.896,222.06096,470.616,423.396,202.056,1025.6928,251.232,252.456,602.18784,545.16,167.4,167.4,718.98096,258.50459712,623.6016,903.0642,675.7302,389.682288,893.97096,435.0576,630.06696,516.8016,328.10496,220.62,236.472,188.28,169.5,631.66872,187.632,207.9432,155.88,326.94,414.6,168.36,344.22,202.986,205.57536,170.16,166.8,171.12,222.06096,173.2416,314.616,234.78,252.516,221.34,172.2816,171.12,311.34,475.158,296.88,235.26,286.8576,695.88,309.996,247.536,266.87496,186.096,333.14496,286.56096,286.56096,169.92,169.92,249.12,249.12,202.296,411.86496
product,135.592,135.592,283.17,243.764,325.766,162.1757952,116.66822441,174.438976,227.9896,190.6,237.32,116.21,439.662,387.988,197.56,379.452,146.21,259.6,347.052,120.974661243,197.26,218.8416,137.7016,156.42,146.21,147.02,187.92,187.62,188.22,187.62,825.74,283.7916,462.7676,180.596,147.9416,316.536,284.16,133.2244,683.4488,165.616,167.02,398.756,363.2,113.0,113.0,479.6476,175.9869952,416.476,598.786,447.526,256.757221243,599.5176,294.172,419.362,346.0416,222.2616,145.82,156.21,127.02,114.5,417.1816,125.7444,140.4208,105.244,218.748,276.78,113.0,230.98,137.38,136.7416,113.48,111.2,115.4,147.9416,117.9416,208.61,158.01,167.41,147.41,112.7,115.4,207.878,315.456,198.988,159.216,188.97,460.376,206.96,166.96,179.2916,124.62,223.4616,193.6776,193.6776,114.62,114.62,166.84,166.84,135.82,276.2216
weightedMean,212.236,212.236,463.34092224,396.67328,526.8812,258.008592,174.438976,291.380741325,369.1468,306.1,378.68,185.9444,708.20406,624.532,315.184,614.710176,234.746,415.516,561.574176,191.57096,314.596,354.8376,218.6776,252.696,234.746,235.736,300.144,299.556,300.732,299.556,1331.792,455.6724,746.7212,287.216,236.8376,508.6416,458.388,212.41,1095.39656,266.85328,270.316,644.58176,576.68,177.8,177.8,770.1796,282.9134656,669.8296,958.2832,718.6777,409.71984,968.2128,475.386976,676.13656,554.3136,360.9552,234.38,251.22,204.456,182.036,669.6196,200.946,225.802384,166.81,344.7,441.48,178.76,368.656,222.40096,218.0776,179.66,177.2,181.82,236.8376,187.82,336.506,254.106,269.98,237.9044,179.06,181.82,329.39,509.0532,315.64,253.56,305.826,739.1888,329.696,265.096,291.0692,199.596,355.2456,309.9816,309.9816,182.42,182.42,264.58,264.58,218.356,445.6904
autoCorrelation,293.5,293.5,629.4509136,531.22496,735.95591,347.59536,227.9896,369.1468,529.29410537,428.056,519.92,247.82,953.56155,838.156,426.736,813.3276,318.896,566.296,745.2276,253.79696,429.436,476.96496,294.42496,343.4376,318.896,319.196,404.496,406.296,404.496,407.196,1794.545,610.1016,1000.91096,382.496,320.32496,683.95896,612.771,295.96,1483.72088,372.750976,365.92,879.948728,790.052,243.8,243.8,1042.55446,373.2345856,905.574976,1311.9064,975.6574,560.61461376,1295.16096,633.9676,909.499,749.166,476.78496,317.8535,344.1216,272.28,245.0,927.913936,275.3976,298.192,224.62,472.116,603.96,245.96,494.62,295.456,296.40496,246.56,247.76,246.32,320.32496,249.0416,456.356,337.62,364.696,317.42,249.02,246.32,447.32,687.69696,433.22656,339.78,412.056,1002.216728,453.1016,359.536,386.32496,270.996,478.214976,410.18496,410.18496,246.62,246.62,358.96,358.96,294.196,596.30180096
binarySearchFromTo,250.3,250.3,518.4,440.3,615.2,287.1,190.6,306.1,428.056,428.824849101,442.1,210.8,802.695,709.9,365.8,689.4,269.9,482.56,634.74,211.4,365.5,405.9,250.9,288.6,269.9,269.9,347.4,347.4,347.1,347.1,1532.24,518.76,845.72,326.6,269.9,578.46,518.1,255.2404,1252.58,311.98,307.0,731.132,678.26,213.56,213.56,883.21,311.656,787.156,1109.245,822.25,459.3,1092.09,537.97,764.695,632.295,403.2,267.2,291.42,231.6,211.1,772.72,237.252,250.36,191.8,412.68,535.44912,216.32,424.12,250.6,251.2,215.72,215.18,213.92,269.9,210.8,384.2,287.1,307.9,267.2,212.9,213.92,385.16,573.3,367.18,287.4,345.3,846.02,390.38,312.52,326.9,236.88,406.32,346.2,346.2,216.08,216.08,308.2,308.2,255.88,504.02
quantile,306.836,306.836,637.734,548.38,755.8,355.122,237.32,378.68,519.92,442.1,573.505695846,259.414,994.6824,880.43,447.68,855.912,333.0484,590.09,783.312,258.88,449.2844,494.16,308.6,354.0,333.0484,332.17,423.72,423.3621,424.8,425.3244,1879.18,638.766,1046.32,399.49,332.7244,708.396,637.41,308.7386,1541.6164,380.2016,377.18,892.87,826.972,256.9,256.9,1090.97,379.28,935.954,1380.29576,1020.5108,566.73,1357.41,666.008,947.4824,781.671,502.884,328.66,355.734,283.05,261.04,946.364,282.657,306.44,235.814,496.104,638.1384,257.86,520.976,308.96,306.9821,258.85,263.1616,258.49,332.7244,259.09,474.271,355.191,379.094,329.794,261.5644,258.49,477.094,709.704,450.71,355.866,427.0284,1037.2921,471.34,375.62,404.62864,281.64,494.97,424.05,424.05,257.68,257.68,376.01,376.01,305.24,613.21
sumOfLogarithms,146.0,146.0,311.24496,264.544,358.36,172.08,116.21,185.9444,247.82,210.8,259.414,139.086371123,496.637568,444.1964096,225.839936,423.426879744,169.4853376,292.655936,385.669330944,129.28,223.73216,244.42656,155.16032,179.2775616,169.4853376,168.6246016,215.4157056,213.279936,214.3478208,213.279936,906.20392,326.73318505,520.070272,205.615936,167.719936,346.296,318.5375616,146.06,747.496,180.26,192.2429312,433.24,411.17536,128.9392,128.9392,539.815232,185.804,458.936,670.895192,505.001192,274.74,672.084192,326.72696,474.487568,391.557216,248.824930944,167.9775616,180.249984,144.81216,132.106048,462.860672,137.796,152.8016,123.173312,241.896,309.816,129.8992,261.4544,158.317055744,154.56032,130.4992,123.16,133.436992,167.719936,135.6557056,239.2973632,183.91097088,193.5900032,174.465357414,128.9392,133.436992,232.816,359.205792,224.33216,179.9480256,216.9973632,512.6368,234.13216,191.09216,203.605662208,144.312192,251.28192,219.457536,219.457536,133.312192,133.312192,189.17216,189.17216,157.5775616,308.9968
kurtosis,558.21,558.21,1190.1642,1017.94056,1389.267,659.61696,439.662,708.20406,953.56155,802.695,994.6824,496.637568,1928.71177536,1683.81349417,840.24432,1604.5407431,628.544892288,1108.95290872,1462.96245715,488.21496,841.572096,925.994148,578.50525824,675.820667645,628.544892288,628.3660416,795.979872,798.5714112,794.689872,797.3356416,3482.693016,1224.9082296,1980.50845344,763.5365376,629.62470528,1325.0676,1201.6756176,556.2,2863.0212,692.998158,725.661326928,1669.86333,1547.704896,476.6784,476.6784,2051.00667744,705.6486,1744.842,2576.68191875,1935.35451875,1055.27715,2601.31212219,1245.84328623,1837.80796366,1502.82324154,939.2998992,635.4971712,668.2946112,538.60032,487.71432,1774.58687616,516.33,577.3056,448.519536,916.9679808,1174.831968,477.8784,986.1144,583.75603296,580.36742784,484.5,466.2,491.38224,629.62470528,498.6005376,902.5891584,680.946336,723.8157504,641.0831808,484.3538016,491.38224,875.478,1373.10107218,842.04192,680.540544,819.431749248,1964.316,876.096096,704.70432,760.9242336,530.23104,937.965312,815.3045376,815.3045376,488.23104,488.23104,706.16592,706.16592,579.105792,1165.9464
pooledMean,492.1,492.1,1048.8984,897.4376,1216.334,581.406,387.988,624.532,838.156,709.9,880.43,444.1964096,1683.81349417,1531.42634767,749.81032,1425.7791264,558.903821926,981.263717344,1298.5885344,430.742,746.1304288,817.90704,516.396256,598.694258688,558.903821926,559.743134394,709.945872,710.12033472,708.925872,706.30237248,3055.59224,1088.735424,1757.08095296,676.851872,557.10237248,1168.56,1063.09422651,491.65,2528.882,608.236,645.565525504,1467.308,1370.0732288,422.5784,422.5784,1815.43103296,623.632,1548.1624,2280.05068948,1714.75468948,930.6396,2302.67080566,1107.9976001,1609.81349417,1323.38039232,838.2282624,563.58125696,594.3045552,478.80432,436.97432,1571.10725509,459.7116,508.624,405.610888346,818.505,1044.91548,424.7384,877.8916,519.48925696,514.80664,432.5804,410.0,438.419312,557.10237248,443.019872,802.604241997,610.6262592,646.035269555,573.71029376,428.0684,438.419312,784.436,1218.57171348,747.62032,606.978445632,728.372854886,1741.934,775.8404288,625.58032,679.650944,472.4137152,834.18864,724.699872,724.699872,433.927712,433.927712,628.64632,628.64632,515.73325696,1034.7944
add,253.0,253.0,527.472,450.554,616.736,295.536,197.56,315.184,426.736,365.8,447.68,225.839936,840.24432,749.81032,406.711988531,717.208896,283.10816,503.78944,653.600448,218.36,399.485064294,415.8336,266.330128,302.82816,283.10816,286.15712,372.102547354,365.04672,367.86384167,365.04672,1551.03056,549.875136,882.92816,350.23712,285.58112,593.496,540.76416,251.14,1287.143,310.12,323.94112,741.656,716.65856,220.6592,220.6592,918.99976,316.876,793.7296,1145.82136,858.42136,469.56,1142.41032,556.5208,802.24432,665.20656,420.387648,282.65216,302.1552,247.58112,227.46224167,788.02816,235.716,257.296,203.8192,423.4032,537.144,223.1792,452.29312,263.962048,264.3904,227.4944,212.36,228.0944,285.58112,228.9322112,403.12112,307.25087424,324.58816,286.872896,223.4144,228.0944,403.208,605.94432,386.48512,303.45216,364.34112,883.25312,404.530496,329.850496,342.400448,242.9952,437.36736,375.64608,375.64608,222.8192,222.8192,333.7071616,333.7071616,264.46816,530.66912
cosineDistance,477.696,477.696,1016.6592,878.593536,1173.0516,559.6476,379.452,614.710176,813.3276,689.4,855.912,423.426879744,1604.5407431,1425.7791264,717.208896,1435.85797571,530.884272,941.247552,1293.48330424,418.31496,712.94112,793.124352,494.618592,571.974144,530.884272,532.575552,681.3513216,677.055552,682.9470912,677.055552,3040.194336,1041.46702218,1682.0176992,651.9242112,533.4938112,1133.0796,1035.980832,474.03,2450.37216,589.44,611.338944,1420.16256,1311.75552,410.0352,410.0352,1739.0867232,612.0912,1509.8256,2178.54614592,1628.73614592,893.862,2199.9295799,1077.78711187,1531.7457431,1259.83493875,819.899777434,531.888192,566.35632,460.70112,418.800672,1494.7537632,444.366,494.982,379.43352,781.368,1003.392,407.8992,838.0848,504.605920666,491.318592,411.0192,399.6,415.48032,533.4938112,425.50077696,761.716944,581.4257952,611.488992,541.459551744,407.8992,415.48032,747.438,1150.59753792,714.16512,576.755232,689.836944,1663.044,749.54112,602.42112,658.57382761,451.63152,798.816192,695.8634112,695.8634112,414.45552,414.45552,600.16512,600.16512,493.906272,997.3056
manhattanDistance,187.16,187.16,394.392,335.29,461.632,221.0376,146.21,234.746,318.896,269.9,333.0484,169.4853376,628.544892288,558.903821926,283.10816,530.884272,218.57103063,374.57812736,484.617936,162.28,285.82340096,309.20256,195.33632,227.389660416,218.57103063,214.86763049,269.655936,270.072405504,269.055936,272.426044416,1147.72792,406.415268,658.16534272,256.255936,214.866044416,438.72,403.85524009,188.18,950.728,233.156,244.176475904,552.658,520.3878016,161.9392,161.9392,684.25590272,235.946,580.016,854.36703968,641.16663968,348.93,847.9162176,411.45656,600.394892288,493.7184288,312.093936,211.07717248,228.0193152,181.41216,164.65216,590.90344448,175.7016,191.84,153.173312,305.136,391.356,163.8592,327.6944,198.17036096,195.66032,164.4592,157.96,166.436992,214.866044416,167.719936,304.99662761,228.3973632,245.40780585,214.61097088,165.0352,166.436992,293.056,453.48978048,282.17216,225.8720256,278.640766464,646.6756,298.9206016,240.26816,255.033952,181.7981952,315.35232,273.927936,273.927936,166.312192,166.312192,238.13216,238.13216,198.08036096,387.1312
chebyshevDistance,338.7376,338.7376,698.016,596.27,821.228,390.816,259.6,415.516,566.296,482.56,590.09,292.655936,1108.95290872,981.263717344,503.78944,941.247552,374.57812736,685.832470835,858.852576,287.48,508.0054912,550.12896,344.05552,398.2333056,374.57812736,378.79575296,476.570496,477.48771264,475.700496,480.83133696,2048.375936,719.972928,1165.09036736,455.640896,377.96573696,784.08,715.88814336,332.77,1702.998992,414.352,427.9896064,986.51,932.7043712,289.472192,289.472192,1210.56708736,417.316,1047.7216,1505.58202624,1128.54202624,621.1944,1502.8600416,726.62296,1058.95290872,874.12487808,548.322576,370.6366208,396.59232,320.66112,290.59112,1046.21083264,307.986,341.2,264.08032,546.48096,699.624,289.0544,588.158272,343.531936,344.51152,292.91072,281.36,295.57184,377.96573696,295.968896,536.12375936,399.441552,429.96814336,374.5722368,290.0144,295.57184,518.912,799.29767424,503.956672,398.943936,483.43374336,1160.79512,537.006680883,427.16608,445.532576,317.53152,560.96352,487.500096,487.500096,291.35552,291.35552,424.400896,424.400896,346.904896,693.74912
tanimotoDistance,437.196,437.196,930.8112,803.473536,1075.5516,511.9476,347.052,561.574176,745.2276,634.74,783.312,385.669330944,1462.96245715,1298.5885344,653.600448,1293.48330424,484.617936,858.852576,1188.06953964,382.61496,650.08656,725.549856,451.872576,521.076672,484.617936,485.736576,621.9244608,618.396576,622.7523456,618.396576,2757.690336,947.539577702,1534.8991104,593.2745856,486.7601856,1037.0316,942.109536,435.03,2238.62256,539.88,556.006272,1300.34256,1194.89376,375.8592,375.8592,1586.8641216,559.7712,1381.5576,1991.00436096,1486.13436096,817.662,2006.69650675,987.286279603,1396.16745715,1149.31904218,747.655714714,484.192896,517.94736,419.98656,380.958336,1365.4571616,407.766,452.034,346.80456,715.788,919.152,374.3376,763.5504,459.75843625,449.172576,376.1976,366.0,379.98096,486.7601856,387.29086848,693.484272,527.2106976,556.713696,491.335666944,373.0776,379.98096,684.558,1047.51285696,650.59056,525.028416,627.604272,1516.668,685.16256,550.78656,600.43362025,415.22256,727.301376,632.5049856,632.5049856,381.04656,381.04656,546.91056,546.91056,452.859936,907.9296
sum,147.68,147.68,318.612576,272.0596,360.916,177.0192,120.974661243,191.57096,253.79696,211.4,258.88,129.28,488.21496,430.742,218.36,418.31496,162.28,287.48,382.61496,142.691857101,217.76,241.872,151.952,172.62,162.28,163.12,208.32,207.72,208.02,207.72,907.93,313.722,513.598,201.016,164.272,357.196992,315.912,148.6016,766.148992,183.932,185.12,448.866592,402.112,124.0,124.0,530.888,191.594,464.216,661.5842,497.2442,288.041300736,663.858,325.18496,466.06496,383.082,244.152,161.32,173.28,142.056,126.1,466.5632,141.6432,159.8288,117.056,245.2176,307.08,124.0,257.576,151.01,151.472,124.96,122.2,127.48,164.272,131.272,231.88,175.38,186.08,164.08,124.0,127.48,231.016,352.0392,222.56096,175.164,210.6,515.14432,228.16,184.16,198.322,137.52,244.872,214.032,214.032,126.52,126.52,182.96,182.96,150.32,310.57696
dec,254.56,254.56,527.796,450.71,621.332,297.372,197.26,314.596,429.436,365.5,449.2844,223.73216,841.572096,746.1304288,399.485064294,712.94112,285.82340096,508.0054912,650.08656,217.76,403.591988531,415.8336,263.5204,303.735936,285.82340096,287.1082112,365.04672,365.61384167,364.17672,368.982547354,1548.77456,548.07468,883.2010016,348.10112,289.516947354,592.92,541.0406016,252.22,1285.4036,313.456,325.602784,745.598,719.6710016,220.0592,220.0592,918.8742016,316.396,787.552,1147.7290144,860.0890144,471.15,1137.846096,551.9236,803.572096,664.615008,417.07656,283.106048,302.1552,245.44512,223.77512,793.0282144,234.636,257.08,202.6192,417.4416,533.148,222.5792,448.59712,262.60816,264.080128,225.9344,213.56,226.5344,289.516947354,225.84512,405.4135616,304.45512,326.0406016,285.519008,224.792192,226.5344,395.6,608.3382624,385.16512,303.47616,367.53636096,880.1084,406.9429376,329.250496,339.48656,242.3952,434.6784,372.95712,372.95712,222.2192,222.2192,332.1471616,332.1471616,263.86816,526.44416
errorRate,281.712,281.712,589.7976,502.836,687.2016,329.06496,218.8416,354.8376,476.96496,405.9,494.16,244.42656,925.994148,817.90704,415.8336,793.124352,309.20256,550.12896,725.549856,241.872,415.8336,492.382212096,287.26379136,333.56208,309.20256,309.09696,393.69696,393.39696,393.39696,393.69696,1738.0578864,604.5351552,974.94515712,376.070976,310.72379136,655.752,596.84256,277.86,1421.8896,345.3,356.59152,827.3976,768.4848,241.3296,241.3296,1012.24835712,353.12496,880.3776,1257.708672,943.151172,523.2216,1255.16310912,613.649856,884.271648,727.7493312,467.075928576,311.474208,331.479936,265.8576,239.8776,873.22979712,259.596,285.456,221.26656,453.936,589.87104,240.1776,486.6,288.59424,287.771033088,241.7376,233.58,243.72096,310.72379136,245.6489856,442.39152,333.21552,355.33152,312.81552,239.89056,243.72096,434.016,669.5472,414.4776,332.19792,400.75152,963.9168,439.1856,351.8736,379.922040576,268.58592,468.97499136,404.42939136,404.42939136,246.40992,246.40992,351.1632,351.1632,291.74592,575.98896
scale,172.48,172.48,364.1376,312.506,424.5416,203.72496,137.7016,218.6776,294.42496,250.9,308.6,155.16032,578.50525824,516.396256,266.330128,494.618592,195.33632,344.05552,451.872576,151.952,263.5204,287.26379136,191.49302103,207.43632,195.33632,197.46152,253.831248,251.02152,254.649312,251.02152,1066.4276,375.5021952,609.693367885,240.482192,199.17979712,408.816,372.76632,173.32,887.2976,212.56,221.63632,510.7976,480.2264,151.2392,151.2392,634.999383885,220.68496,543.6376,789.7259968,591.3359968,322.2816,791.032949606,388.10252224,552.50525824,459.991378944,293.10179136,193.26032,208.93632,170.7444,157.292192,542.881838848,163.656,177.796,141.440128,288.308784,366.5304,153.1592,307.5736,182.33632,184.97979712,155.3588,145.76,156.81992,199.17979712,158.6881952,276.99632,211.18632,222.53632,195.36032,153.4244,156.81992,275.9708,416.3059968,263.4928,209.679936,250.09632,601.9952,275.2952,223.6552,237.54379136,167.83632,297.01979712,257.05979712,257.05979712,153.66032,153.66032,223.1188,223.1188,182.03632,362.73416
eucleadianDistance,199.2,199.2,422.832,360.636,494.34375,234.696,156.42,252.696,343.4376,288.6,354.0,179.2775616,675.820667645,598.694258688,302.82816,571.974144,227.389660416,398.2333056,521.076672,172.62,303.735936,333.56208,207.43632,253.938645811,227.389660416,226.730044416,285.495936,285.6638208,285.195936,286.4317056,1239.332496,442.069632,703.8604416,272.655936,225.8317056,468.228,429.784660416,198.96,1014.696,252.014976,265.100414899,594.86664,560.997696,172.3392,172.3392,732.0919416,252.816,621.816,910.2888288,683.5038288,376.2216,912.05776896,441.81264,645.151486272,529.58120448,336.096672,229.18190448,240.8981952,192.81216,174.75216,630.5850288,186.4416,204.18,162.012192,325.512,418.116,173.8992,351.6384,212.58813696,207.43632,175.8192,166.8,177.796992,225.8317056,178.119936,327.515045376,245.9941632,263.879045376,230.89377408,173.8992,177.796992,310.38,492.074258688,300.33216,244.5227136,294.959045376,693.5142,316.815936,255.30816,272.788896,194.0981952,339.59232,293.247936,293.247936,177.612192,177.612192,255.45216,255.45216,211.38036096,415.6752
distance1,187.16,187.16,394.392,335.29,461.632,221.0376,146.21,234.746,318.896,269.9,333.0484,169.4853376,628.544892288,558.903821926,283.10816,530.884272,218.57103063,374.57812736,484.617936,162.28,285.82340096,309.20256,195.33632,227.389660416,218.57103063,214.86763049,269.655936,270.072405504,269.055936,272.426044416,1147.72792,406.415268,658.16534272,256.255936,214.866044416,438.72,403.85524009,188.18,950.728,233.156,244.176475904,552.658,520.3878016,161.9392,161.9392,684.25590272,235.946,580.016,854.36703968,641.16663968,348.93,847.9162176,411.45656,600.394892288,493.7184288,312.093936,211.07717248,228.0193152,181.41216,164.65216,590.90344448,175.7016,191.84,153.173312,305.136,391.356,163.8592,327.6944,198.17036096,195.66032,164.4592,157.96,166.436992,214.866044416,167.719936,304.99662761,228.3973632,245.40780585,214.61097088,165.0352,166.436992,293.056,453.48978048,282.17216,225.8720256,278.640766464,646.6756,298.9206016,240.26816,255.033952,181.7981952,315.35232,273.927936,273.927936,166.312192,166.312192,238.13216,238.13216,198.08036096,387.1312
distanceInf,187.16,187.16,394.716,337.324,461.932,220.356,147.02,235.736,319.196,269.9,332.17,168.6246016,628.3660416,559.743134394,286.15712,532.575552,214.86763049,378.79575296,485.736576,163.12,287.1082112,309.09696,197.46152,226.730044416,214.86763049,220.97103063,273.304896,272.49747264,272.092896,274.30077696,1147.81456,404.743536,660.64500736,260.476672,216.74077696,443.7,407.722554163,187.22,957.202,232.856,244.315771904,555.358,522.1878016,161.9392,161.9392,685.33012736,237.536,586.7936,849.53738624,638.68538624,349.104,855.1163376,413.00096,600.3660416,497.2137408,312.600576,210.74088448,228.2045952,185.032896,166.48912,590.912405504,175.3416,193.64,151.476992,307.7376,393.852,163.8592,332.02112,197.64740096,197.46152,165.2944,157.96,167.872192,216.74077696,171.340672,305.650959923,227.9762112,246.494280397,214.18849408,165.2944,167.872192,293.776,452.78423424,285.22112,226.6886016,275.95203625,655.303936,300.1206016,241.46816,254.176576,180.9629952,318.84864,278.748672,278.748672,165.476992,165.476992,239.64512,239.64512,197.76740096,393.871936
ebeAdd,238.2,238.2,502.032,428.754,585.336,279.096,187.92,300.144,404.496,347.4,423.72,215.4157056,795.979872,709.945872,372.102547354,681.3513216,269.655936,476.570496,621.9244608,208.32,365.04672,393.69696,253.831248,285.495936,269.655936,273.304896,361.106147942,353.93431511,356.795666669,353.93431511,1470.31056,515.5549056,836.701536,333.424896,272.728896,565.656,514.551936,238.74,1220.103,294.12,306.255552,703.416,665.03136,208.6992,208.6992,871.210896,302.436,751.9296,1082.849136,811.049136,443.28,1086.145872,529.78416,759.979872,631.575456,400.1116608,266.319936,287.65632,235.82112,215.50224167,746.415936,224.676,246.096,193.72032,398.3232,507.432,211.5792,425.30112,251.5238208,251.89152,213.0144,202.92,215.07552,272.728896,219.12477696,382.035552,290.586021504,306.855936,271.2153216,210.8544,215.07552,381.408,571.572096,363.76512,286.719936,345.255552,833.85312,382.55712,312.45312,325.5244608,230.89632,407.43648,355.049856,355.049856,211.72032,211.72032,308.32512,308.32512,252.015936,501.66912
ebeDivide,238.59,238.59,502.656,427.74,587.55,280.02,187.62,299.556,406.296,347.4,423.3621,213.279936,798.5714112,710.12033472,365.04672,677.055552,270.072405504,477.48771264,618.396576,207.72,365.61384167,393.39696,251.02152,285.6638208,270.072405504,272.49747264,353.93431511,357.986147942,353.06431511,354.545666669,1468.96656,515.392416,836.97738624,331.288896,273.318244589,564.6,513.11418624,238.65,1214.3544,295.698,307.9592064,707.352,666.0114144,208.0992,208.0992,869.08314624,301.956,745.752,1083.33476736,811.86476736,445.44,1085.2694112,525.18696,762.5714112,633.1083456,396.786576,267.8557056,286.78632,233.68512,211.81512,751.45316736,223.596,245.4,192.52032,392.0616,503.436,210.9792,421.30512,250.155936,253.269312,211.4544,203.52,213.51552,273.318244589,215.992896,382.13380224,287.769552,306.59418624,270.6153216,210.544128,213.51552,373.5,575.32710336,361.84512,287.955936,346.632021504,834.09312,383.2371744,311.85312,322.596576,230.29632,404.74752,352.360896,352.360896,211.12032,211.12032,306.76512,306.76512,251.415936,497.14416
ebeMultiply,237.9,237.9,501.144,430.146,585.036,278.796,188.22,300.732,404.496,347.1,424.8,214.3478208,794.689872,708.925872,367.86384167,682.9470912,269.055936,475.700496,622.7523456,208.02,364.17672,393.39696,254.649312,285.195936,269.055936,272.092896,356.795666669,353.06431511,359.366147942,353.06431511,1470.22056,514.4870208,835.657536,332.212896,271.858896,564.168,513.039936,238.92,1218.204,294.12,305.955552,703.716,664.73136,208.3992,208.3992,870.676896,302.916,748.5204,1082.579136,810.149136,442.98,1084.945872,530.52576,758.689872,630.015456,402.0111456,266.019936,286.87632,234.60912,218.000947354,745.815936,224.856,245.508,193.12032,394.632,504.75,211.2792,422.91912,251.9917056,251.02152,212.1444,202.92,214.20552,271.858896,217.32147264,381.915552,292.339660416,306.075936,270.1474368,209.9844,214.20552,376.872,570.672096,362.41512,286.719936,344.655552,830.0748,382.25712,312.15312,325.2123456,230.59632,405.89616,353.509536,353.509536,211.42032,211.42032,307.45512,307.45512,251.715936,499.0608
ebeSubtract,239.76,239.76,502.356,428.91,589.932,280.932,187.62,299.556,407.196,347.1,425.3244,213.279936,797.3356416,706.30237248,365.04672,677.055552,272.426044416,480.83133696,618.396576,207.72,368.982547354,393.69696,251.02152,286.4317056,272.426044416,274.30077696,353.93431511,354.545666669,353.06431511,357.986147942,1468.05456,513.726456,837.01916736,331.288896,276.725637427,565.08,514.87316736,239.82,1218.3636,297.456,307.9592064,707.358,668.0438016,208.0992,208.0992,871.13012736,301.956,745.752,1084.77498624,812.73498624,444.87,1081.6096416,525.18696,761.3356416,630.9979008,396.786576,266.7878208,287.65632,233.68512,211.81512,751.43418624,223.596,245.88,192.52032,392.3616,503.436,210.9792,421.60512,250.155936,251.581248,211.4544,204.12,213.51552,276.725637427,215.992896,384.37278336,287.769552,308.35316736,269.8474368,212.232192,213.51552,373.8,573.98423424,362.44512,286.743936,348.505660416,830.7084,384.9695616,311.85312,322.596576,230.29632,404.74752,352.360896,352.360896,211.12032,211.12032,306.76512,306.76512,251.415936,497.44416
safeNorm,1055.438,1055.438,2229.3285,1910.9584,2614.7494,1225.92,825.74,1331.792,1794.545,1532.24,1879.18,906.20392,3482.693016,3055.59224,1551.03056,3040.194336,1147.72792,2048.375936,2757.690336,907.93,1548.77456,1738.0578864,1066.4276,1239.332496,1147.72792,1147.81456,1470.31056,1468.96656,1470.22056,1468.05456,7069.98334566,2240.17896,3635.26072,1398.98656,1149.61456,2471.11008,2276.524728,1049.42,5360.953264,1301.765,1316.48834,3124.29358,2855.16112,898.94656,898.94656,3790.98632,1322.24,3284.756,4757.1604652,3544.5720152,1971.885,4724.367792,2313.04256,3314.500016,2722.502496,1744.809936,1152.22012,1226.8632,991.33056,900.02056,3277.45112,975.03,1071.1628,820.5932,1706.376,2205.876,892.2232,1811.27912,1074.179936,1064.2376,894.5632,888.16,899.3632,1149.61456,908.09056,1646.50834,1238.53584,1315.73912,1155.20584,891.9076,899.3632,1633.39,2492.41125696,1554.21056,1241.52024,1483.90584,3614.48416,1633.267936,1304.97392,1408.43392,983.0088,1733.57184,1492.156032,1492.156032,903.0088,903.0088,1309.824032,1309.824032,1068.87728,2146.78816
entropy,363.6372,363.6372,762.00696,649.746,880.5,423.5337,283.7916,455.6724,610.1016,518.76,638.766,326.73318505,1224.9082296,1088.735424,549.875136,1041.46702218,406.415268,719.972928,947.539577702,313.722,548.07468,604.5351552,375.5021952,442.069632,406.415268,404.743536,515.5549056,515.392416,514.4870208,513.726456,2240.17896,826.06748759,1279.79759616,496.9598016,405.97392096,848.172,775.551696,356.43,1840.8426,443.358,470.188992,1068.258,1021.8495456,318.719294976,318.719294976,1321.51103616,453.9816,1138.80912,1655.0428296,1244.8828296,677.8716,1656.90562176,800.960784,1170.2632296,961.86652416,609.032527565,412.403616,432.287712,349.13136,318.205248,1138.25927616,332.76,370.4676,293.32104,593.844,759.9336,314.3136,642.7008,380.83366464,375.8501952,319.6536,299.4,323.27472,405.97392096,324.729244416,583.669344,446.1301536,472.7340096,420.583406515,313.3854,323.27472,566.286,888.8834496,546.71136,443.21616,529.49514,1267.308,573.566544,462.764352,494.943226829,348.70512,617.7557952,531.78420096,531.78420096,321.70512,321.70512,463.10736,463.10736,379.502496,758.7648
g,586.586,586.586,1247.2116,1068.0196,1448.7532,691.92096,462.7676,746.7212,1000.91096,845.72,1046.32,520.070272,1980.50845344,1757.08095296,882.92816,1682.0176992,658.16534272,1165.09036736,1534.8991104,513.598,883.2010016,974.94515712,609.693367885,703.8604416,658.16534272,660.64500736,836.701536,836.97738624,835.657536,837.01916736,3635.26072,1279.79759616,2121.69955103,802.9335616,662.784716723,1395.831,1263.33612096,584.624,3012.3226,726.95,755.7394304,1752.0016,1633.61188058,499.2952,499.2952,2174.39335171,746.05592,1849.5956,2682.03830518,2013.35030518,1105.6836,2697.8175585,1306.46043536,1891.56345344,1557.6871511,987.300060576,657.4756288,699.43824,566.93616,512.50816,1854.90423135,544.194,607.688,469.068272,962.58096,1233.5136,501.6352,1037.384,611.911472,609.66955712,508.4368,490.324,514.80352,662.784716723,524.38036096,944.475077248,712.91862528,757.85862272,667.3289536,505.5652,514.80352,924.142576,1428.27070118,884.45576,710.80524,855.36281472,2058.5992,920.4210016,739.92416,801.361442176,556.56912,986.92355712,859.370040576,859.370040576,511.39312,511.39312,740.86976,740.86976,608.086496,1228.55416
calculateAbsoluteDifferences,227.0,227.0,478.416,409.7044,551.62,265.896,180.596,287.216,382.496,326.6,399.49,205.615936,763.5365376,676.851872,350.23712,651.9242112,256.255936,455.640896,593.2745856,201.016,348.10112,376.070976,240.482192,272.655936,256.255936,260.476672,333.424896,331.288896,332.212896,331.288896,1398.98656,496.9598016,802.9335616,333.779805491,260.8335616,542.736,493.297536,223.7,1166.578,278.72,293.591552,674.596,647.48896,199.2592,199.2592,833.3715776,289.6208,718.20896,1029.4798016,775.2598016,424.056,1036.6612032,501.934976,729.5365376,604.3161216,379.8185856,255.655936,272.08032,228.53838336,203.78512,712.2406016,210.06,237.32,184.32032,375.8976,479.712,201.7552,411.332096,239.135936,239.792192,203.1904,192.52,206.45152,260.8335616,210.7413376,364.891552,278.115552,293.015936,260.551552,198.8944,206.45152,356.416,552.5087616,348.70112,276.9973056,332.2329216,804.5069056,364.78816,298.70816,308.7945856,219.28032,395.598912,344.0453376,344.0453376,202.28032,202.28032,294.70112,294.70112,239.855936,486.1469056
calculateDifferences,187.16,187.16,395.9976,338.206,462.6376,222.06096,147.9416,236.8376,320.32496,269.9,332.7244,167.719936,629.62470528,557.10237248,285.58112,533.4938112,214.866044416,377.96573696,486.7601856,164.272,289.516947354,310.72379136,199.17979712,225.8317056,214.866044416,216.74077696,272.728896,273.318244589,271.858896,276.725637427,1149.61456,405.97392096,662.784716723,260.8335616,220.993873408,445.176,406.39316736,187.22,960.8452,232.856,243.3592064,557.3596,522.1878016,161.9392,161.9392,687.622332723,238.84496,586.5776,853.426569344,641.386569344,349.7916,855.112310093,414.122576,601.62470528,498.298802688,313.868274816,210.1878208,226.09632,184.84512,166.25512,592.027822131,174.996,194.216,150.96032,307.1616,393.276,163.8592,332.16512,196.595936,199.73952512,165.2944,157.96,167.35552,220.993873408,171.88036096,303.77278336,227.169552,243.75316736,213.2474368,166.672192,167.35552,293.2,454.635817344,284.28512,226.503936,276.265660416,654.8044,300.1206016,241.46816,255.678274816,180.13632,319.70579712,279.614040576,279.614040576,164.96032,164.96032,239.64512,239.64512,196.895936,394.09312
computeDividedDifference,399.612,399.612,853.3910856,732.0312,989.424,470.616,316.536,508.6416,683.95896,578.46,708.396,346.296,1325.0676,1168.56,593.496,1133.0796,438.72,784.08,1037.0316,357.196992,592.92,655.752,408.816,468.228,438.72,443.7,565.656,564.6,564.168,565.08,2471.11008,848.172,1395.831,542.736,445.176,998.147960218,858.2352,398.01,2089.89136224,496.008,504.936,1208.75279712,1094.1336,335.76,335.76,1447.5054,509.916,1264.368,1802.14116,1349.50206,752.90832,1809.636,881.7336,1264.7676,1043.0196,660.564,437.07,468.42,384.648,342.048,1252.0992,373.1916,421.224,310.56,658.584,841.5936,336.36,699.528,406.008,409.176,338.16,333.0,342.72,445.176,352.752,632.3844,472.968,504.3,443.016,337.68,342.72,624.816,952.67856,595.2432,473.52,571.68,1403.97342,621.3,498.48,534.264,371.52,661.872,577.632,577.632,340.92,340.92,495.72,495.72,406.68,838.36656
computeCanberraDistance,360.48,360.48,764.0046,654.734784,890.052,423.396,284.16,458.388,612.771,518.1,637.41,318.5375616,1201.6756176,1063.09422651,540.76416,1035.980832,403.85524009,715.88814336,942.109536,315.912,541.0406016,596.84256,372.76632,429.784660416,403.85524009,407.722554163,514.551936,513.11418624,513.039936,514.87316736,2276.524728,775.551696,1263.33612096,493.297536,406.39316736,858.2352,807.624293069,357.12,1850.3508,444.351,462.574687104,1073.7882,992.4278016,308.8992,308.8992,1311.77469696,458.064,1134.4896,1627.42947264,1221.73947264,673.839,1633.9848576,793.97856,1146.9256176,944.5548288,599.943936,401.79894528,429.6941952,350.49312,312.83616,1131.05989094,334.6416,373.632,286.512192,586.752,755.412,308.6592,631.93536,373.86036096,372.46632,310.2192,302.16,314.596992,406.39316736,321.735936,577.383125683,432.6669312,463.350959923,405.60254208,309.6192,314.596992,560.736,866.19240864,539.85216,431.3250816,522.29740585,1253.8368,568.6406016,455.82816,487.119936,341.9981952,606.04032,526.503936,526.503936,313.512192,313.512192,454.02816,454.02816,373.68036096,751.8048
evaluateHoners,178.08496,178.08496,360.84,307.886,431.252,202.056,133.2244,212.41,295.96,255.2404,308.7386,146.06,556.2,491.65,251.14,474.03,188.18,332.77,435.03,148.6016,252.22,277.86,173.32,198.96,188.18,187.22,238.74,238.65,238.92,239.82,1049.42,356.43,584.624,223.7,187.22,398.01,357.12,190.51781079,870.010784,223.22379136,212.26,508.6076,462.626,145.49,145.49,612.124,214.186,530.2,771.412,572.482,321.366,755.31,370.774,530.05,437.28,278.274,184.7,201.78,159.06,146.36,538.522,168.984504115,177.6832,133.06,285.2016,361.3932,146.45,291.19,172.75,173.05,146.45,146.0,145.49,187.22,145.1,267.956,198.936,213.58,185.06,148.22,145.49,269.252,399.186,252.1,197.58,240.18,582.65,266.81,212.05,225.698,159.75,276.66,237.06,237.06,145.79,145.79,211.06,211.06,172.75,343.85
evaluateInternal,879.50432,879.50432,1842.13528272,1580.73616,2155.2292,1025.6928,683.4488,1095.39656,1483.72088,1252.58,1541.6164,747.496,2863.0212,2528.882,1287.143,2450.37216,950.728,1702.998992,2238.62256,766.148992,1285.4036,1421.8896,887.2976,1014.696,950.728,957.202,1220.103,1214.3544,1218.204,1218.3636,5360.953264,1840.8426,3012.3226,1166.578,960.8452,2089.89136224,1850.3508,870.010784,4574.77748854,1080.032,1091.126,2608.27005526,2371.5088,731.272,731.272,3140.8298,1098.55256,2740.8872,3922.89458,2930.21798,1636.87344,3902.2296,1904.13956,2731.6712,2248.929,1429.0206,947.458,1016.1216,825.9156,745.348,2712.17336,809.589984,904.3184,674.0,1437.03,1820.472,729.52,1515.7976,878.114,883.502,737.53,720.4,744.25,960.8452,757.138,1369.6192,1026.072,1091.312,956.536,738.5716,744.25,1366.966,2058.14952,1291.76936,1022.3004,1234.812,3034.156912,1348.792576,1075.736,1156.3816,804.216,1433.34696,1242.3396,1242.3396,737.44,737.44,1076.21,1076.21,877.496,1805.413072
evaluateNewton,218.94496,218.94496,450.96528,384.7736,534.65975,251.232,165.616,266.85328,372.750976,311.98,380.2016,180.26,692.998158,608.236,310.12,589.44,233.156,414.352,539.88,183.932,313.456,345.3,212.56,252.014976,233.156,232.856,294.12,295.698,294.12,297.456,1301.765,443.358,726.95,278.72,232.856,496.008,444.351,223.22379136,1080.032,286.155888947,267.19264,638.2571744,578.528,178.4,178.4,760.7971,270.62656,657.856,950.008,706.903,403.556976,938.6688,456.82,660.33172,542.9544,344.58,230.6015,249.996,197.52,178.76,668.929,200.532,222.04816,163.3,348.5472,442.2648,179.96,360.52,215.08,213.85,179.96,179.6,179.0,232.856,179.96,334.052,245.22,265.756,230.408,182.12,179.0,326.66,500.1636,311.68,246.33,299.796,725.687,331.832,262.72,278.72,196.86,345.696,296.64,296.64,179.3,179.3,261.52,261.52,213.82,428.792
meanDifference,212.8,212.8,453.126,385.1504,530.567,252.456,167.02,270.316,365.92,307.0,377.18,192.2429312,725.661326928,645.565525504,323.94112,611.338944,244.176475904,427.9896064,556.006272,185.12,325.602784,356.59152,221.63632,265.100414899,244.176475904,244.315771904,306.255552,307.9592064,305.955552,307.9592064,1316.48834,470.188992,755.7394304,293.591552,243.3592064,504.936,462.574687104,212.26,1091.126,267.19264,292.584254464,641.76296,599.317184,183.3392,183.3392,785.8808704,270.316,666.136,973.6086304,732.9786304,401.664,980.47702464,471.05152,693.811326928,567.81083232,358.726272,249.80220896,257.0981952,207.52512,187.26512,677.8458304,198.7416,220.12,172.312192,347.412,447.216,184.8992,378.0088,226.06252672,222.23632,186.8192,177.2,189.396992,243.3592064,191.879552,351.876026624,264.0249024,281.583695104,251.683268096,185.1992,189.396992,330.98,528.7483776,321.44512,262.1092032,320.164026624,748.9004,339.682784,273.42112,292.326272,206.3981952,362.96832,316.359552,316.359552,188.912192,188.912192,272.96512,272.96512,226.36252672,447.0464
