min,180.613482189,180.613482189,355.32,303.544,422.928,200.568,133.288,210.584,290.8,249.2,303.984,145.0,553.96,488.2,251.0,474.144,185.36,333.3776,434.144,145.88,251.96,278.408,171.28,197.8,185.36,185.36,236.8,237.04,236.6,237.76,1049.912,358.7232,581.384,225.0,185.36,396.008,357.08,174.25344,865.73728,214.41344,211.2,501.8,466.184,146.8336,146.8336,608.344,211.208,534.349167616,765.32,568.52,319.584,750.2,366.56,527.96,435.8,274.8,184.8,198.36,158.0,145.2,530.224,157.96,173.08,132.16,282.456,357.48,145.4,292.72,170.8,171.64,146.36,144.6,146.36,185.36,145.0,264.56,197.6,211.76,184.8,146.36,146.36,266.704,397.584,252.904,197.92,238.16,584.368,266.144,211.6,222.8,158.4,279.0,238.0,238.0,145.4,145.4,212.16,212.16,171.4,344.384
max,180.613482189,180.613482189,355.32,303.544,422.928,200.568,133.288,210.584,290.8,249.2,303.984,145.0,553.96,488.2,251.0,474.144,185.36,333.3776,434.144,145.88,251.96,278.408,171.28,197.8,185.36,185.36,236.8,237.04,236.6,237.76,1049.912,358.7232,581.384,225.0,185.36,396.008,357.08,174.25344,865.73728,214.41344,211.2,501.8,466.184,146.8336,146.8336,608.344,211.208,534.349167616,765.32,568.52,319.584,750.2,366.56,527.96,435.8,274.8,184.8,198.36,158.0,145.2,530.224,157.96,173.08,132.16,282.456,357.48,145.4,292.72,170.8,171.64,146.36,144.6,146.36,185.36,145.0,264.56,197.6,211.76,184.8,146.36,146.36,266.704,397.584,252.904,197.92,238.16,584.368,266.144,211.6,222.8,158.4,279.0,238.0,238.0,145.4,145.4,212.16,212.16,171.4,344.384
covariance,355.32,355.32,764.918794752,644.28064,885.88264,418.3056,278.04,450.09368064,614.0457984,516.6,631.896,305.61344,1169.5612,1030.7904,522.168,999.5328,388.288,689.864,915.4608,309.454976,522.544,581.1376,358.9776,416.128,388.288,388.664,496.128,496.704,495.616,496.504,2202.872,749.42144,1225.0336,471.064,389.1376,836.1525504,750.6656,357.24,1806.62156032,443.49152,445.424,1065.12493056,960.7376,298.6,298.6,1274.0776,448.11712,1104.8576,1605.805376,1195.007376,671.8962432,1591.872,777.80544,1115.3272,916.848,584.33696,389.12,415.7776,333.968,301.672,1115.6464,331.488,365.754816,276.104,577.024,740.6,299.16,608.648,360.8784,360.1776,299.96,299.96,301.72,389.1376,306.312,556.048,416.336,444.9376,390.93344,300.96,301.72,550.5888,839.293376,525.80704,416.896,503.088,1227.7683904,548.744,438.944,473.00096,330.104,579.7616,501.6416,501.6416,302.48,302.48,437.92,437.92,359.264,727.4059264
durbinWatson,303.544,303.544,644.28064,557.71291904,756.01104,356.18624,238.536,384.93152,520.62144,439.2,541.48,260.456,998.50304,880.5376,445.816,858.452416,330.64,588.92,785.532416,264.3456,445.96,495.584,307.504,354.984,330.64,331.936,423.616,423.04,424.344,423.76,1884.0224,639.304,1047.3056,402.8144,332.304,715.8592,641.925504,304.584,1547.47264,378.1616,379.1984,905.05856,820.192,254.8,254.8,1089.3416,382.765376,944.1264,1368.42544,1019.55344,571.48576,1362.54848,667.2528,952.28304,783.35744,502.8896,330.6736,354.04,285.55776,259.184,946.72415232,281.92,312.6976,235.28,494.152,633.168,254.8,520.99776,308.4336,306.68,255.64,254.2,257.8,332.304,262.12,475.0,356.624,379.216,332.656,256.824,257.8,470.8384,716.338816,447.736,356.6,428.32,1045.2096,467.72,374.36,404.888,280.84,494.52,428.32,428.32,257.84,257.84,373.44,373.44,305.84,620.7088
lag1,422.928,422.928,885.88264,756.01104,1072.11549942,490.1136,323.564,520.8392,722.97664,612.8,748.8,356.16,1373.088,1204.956,613.584,1165.4936,456.528,813.272,1068.4936,357.464,616.328,681.5936,421.2336,489.04,456.528,456.728,581.984,583.36,581.784,584.728,2595.4344,874.66,1433.6472,548.92,456.9776,978.736,880.448,425.448,2126.9712,526.104,523.808,1246.4488,1132.3376,353.8,353.8,1506.13504,519.4536,1293.1536,1894.7824,1403.96,785.91552,1862.7976,907.7936,1307.7112,1076.276,682.1936,457.936,488.704,389.08,355.4,1315.3232,389.304,423.928,323.36,680.36,876.16,354.36,712.48,421.084,422.7136,354.36,356.16,354.76,456.9776,356.584,655.152,485.76,521.328,455.04,357.88,354.76,649.0,982.7632,617.4096,487.2344,588.4,1434.96,648.328,516.184,552.2936,387.984,678.4336,583.2336,583.2336,355.36,355.36,515.56,515.56,420.784,844.4032
meanDeviation,200.568,200.568,418.3056,356.18624,490.1136,238.220722278,156.3013248,249.982912,340.27584,286.4,351.408,169.48,648.38144,571.904,291.784,552.3376,216.5776,385.064,505.5376,171.8512,292.768,323.53344,200.09344,231.144,216.5776,216.504,275.744,276.28,275.544,276.728,1216.62,416.7312,680.03744,261.944,217.07744,463.064,416.544,199.304,1005.8128,246.928,247.904,589.00096,538.36,166.6,166.6,708.19744,250.04340992,614.7936,890.1312,663.7352,375.907328,879.83744,429.2976,618.68144,508.7936,322.97344,216.72,231.968,185.28,168.0,618.97568,184.528,202.6272,153.68,322.64,411.4,167.16,339.32,199.984,201.09184,168.36,166.2,168.92,217.07744,170.0336,309.264,231.28,247.864,217.24,169.2736,168.92,307.24,465.752,292.68,231.56,280.2976,682.6,306.344,244.784,262.09344,183.744,326.21344,280.07744,280.07744,168.12,168.12,245.92,245.92,199.544,403.53344
product,133.288,133.288,278.04,238.536,323.564,156.3013248,107.574202778,168.213376,224.7056,190.4,234.72,113.96,432.408,381.512,194.96,372.248,143.96,256.2,340.648,116.262678835,194.76,215.4336,134.5936,154.12,143.96,144.52,185.12,184.92,185.32,184.92,816.44,278.6336,454.2576,176.744,144.8336,310.384,278.96,131.9344,670.5488,163.464,164.52,391.424,358.8,112.0,112.0,472.3376,168.7525248,410.424,591.744,440.984,249.333718835,588.6576,288.768,412.208,340.0336,217.5536,143.72,153.96,124.52,113.0,410.4336,123.4544,136.2768,103.256,215.472,274.48,112.0,227.08,134.68,134.0336,112.28,110.8,113.4,144.8336,114.8336,205.56,155.16,164.76,144.76,111.8,113.4,204.952,309.664,195.712,155.664,185.72,453.024,204.56,164.56,175.6336,122.92,218.3536,188.4176,188.4176,112.92,112.92,164.44,164.44,133.72,270.1136
weightedMean,210.584,210.584,450.09368064,384.93152,520.8392,249.982912,168.213376,273.694741709,362.2048,305.4,374.88,182.2544,694.47704,612.728,311.056,599.192576,230.744,409.864,548.008576,185.23744,310.744,347.5776,214.4176,247.944,230.744,231.384,295.616,295.304,295.928,295.304,1312.588,446.7264,730.2992,281.464,231.7776,497.7536,448.432,210.76,1073.56704,262.48352,265.064,629.72224,570.88,177.2,177.2,757.2656,271.1896704,658.5456,946.8672,707.1052,398.98656,946.9328,464.485376,662.44704,544.4016,351.0352,230.68,247.08,199.704,179.784,658.3056,197.544,218.583104,164.36,341.6,438.28,177.76,362.504,216.51744,214.0176,178.36,176.8,179.72,231.7776,183.24,330.504,248.904,264.84,232.8144,177.96,179.72,326.04,497.9872,311.44,248.56,299.224,726.0288,326.144,261.744,283.4512,196.744,347.8096,301.3936,301.3936,180.12,180.12,261.48,261.48,214.504,434.0224
autoCorrelation,290.8,290.8,614.0457984,520.62144,722.97664,340.27584,224.7056,362.2048,505.824567706,424.304,515.12,245.72,942.9008,829.704,423.584,805.4176,314.944,560.544,738.0176,248.66144,425.384,471.13344,290.89344,338.1776,314.944,315.144,401.344,402.544,401.344,403.144,1782.1,604.1936,988.67744,379.344,315.49344,674.78944,605.944,292.36,1462.42432,364.301376,360.88,862.027648,782.848,243.2,243.2,1031.16144,364.1365504,895.477376,1298.9624,964.9264,545.46558976,1280.27744,627.1576,898.876,740.568,471.05344,314.344,338.7136,269.28,244.0,907.986816,270.7376,293.488,222.92,468.264,600.56,244.56,490.92,291.904,292.17344,244.96,245.76,244.72,315.49344,246.2336,450.504,334.92,360.144,314.12,246.52,244.72,444.72,677.06144,426.88704,336.28,406.304,989.075648,448.1936,356.784,381.49344,268.344,471.717376,404.65344,404.65344,244.92,244.92,356.56,356.56,291.144,585.85875456
binarySearchFromTo,249.2,249.2,516.6,439.2,612.8,286.4,190.4,305.4,424.304,389.822396109,440.4,210.2,801.12,707.6,364.2,687.6,268.6,479.96,632.04,210.6,364.0,403.6,249.6,287.4,268.6,268.6,345.6,345.6,345.4,345.4,1528.04,516.76,842.32,325.4,268.6,575.56,516.4,251.9984,1246.48,309.08,306.0,727.768,673.76,211.96,211.96,880.06,308.704,777.304,1106.82,820.5,458.2,1089.04,535.92,763.12,630.52,401.8,266.8,289.12,230.4,210.4,768.32,233.688,249.16,191.2,407.48,525.31808,213.72,421.92,249.4,249.8,213.32,213.08,212.12,268.6,210.2,382.8,286.4,306.6,266.8,211.6,212.12,383.36,572.2,365.08,286.6,344.2,842.52,386.68,309.52,325.6,233.68,403.72,344.8,344.8,213.48,213.48,306.8,306.8,252.68,500.52
quantile,303.984,303.984,631.896,541.48,748.8,351.408,234.72,374.88,515.12,440.4,551.648026726,257.176,984.3664,869.6,443.88,845.608,328.8704,584.64,774.208,256.88,444.6944,490.16,305.2,350.8,328.8704,328.52,420.32,420.0176,421.0,421.1344,1865.68,632.264,1033.88,396.64,328.7344,701.744,631.56,304.9616,1524.8624,375.5936,373.88,886.32,818.768,255.6,255.6,1079.08,375.28,930.416,1362.77024,1009.1168,561.68,1340.48,657.792,937.5664,773.664,495.456,326.36,351.896,280.6,258.24,937.176,280.288,303.84,233.776,491.416,631.9104,256.16,515.624,305.36,304.1376,256.8,259.1536,256.64,328.7344,257.04,469.064,351.584,375.056,327.056,258.3744,256.64,470.816,702.816,445.96,351.864,422.1504,1028.4976,467.24,372.92,399.42976,279.64,490.72,420.6,420.6,256.08,256.08,373.16,373.16,303.04,607.96
sumOfLogarithms,145.0,145.0,305.61344,260.456,356.16,169.48,113.96,182.2544,245.72,210.2,257.176,129.236867379,480.802688,426.7289344,218.410816,411.105529856,161.7601024,284.874816,375.916358656,126.28,217.33664,238.68704,149.80128,172.2859264,161.7601024,161.7604864,207.5266304,206.450816,206.9887232,206.450816,896.14288,311.972574618,504.556032,197.434816,161.490816,340.544,309.0459264,144.96,735.944,178.76,184.1873408,427.84,399.96384,125.3712,125.3712,524.809472,182.216,451.984,656.022912,490.466912,270.84,652.742912,319.08544,458.702688,378.753536,240.861958656,161.0859264,172.722624,139.21664,126.993728,452.770432,135.544,148.9936,116.654592,237.944,305.064,125.9312,253.5264,150.694265856,149.40128,126.3312,122.36,127.669312,161.490816,128.7666304,229.8656128,174.40671488,184.8297728,163.345143398,125.3712,127.669312,228.064,345.592512,217.73664,172.8117504,207.6656128,501.3088,227.93664,184.49664,195.806943232,138.384512,242.51488,209.868416,209.868416,127.384512,127.384512,183.37664,183.37664,150.4859264,299.4688
kurtosis,553.96,553.96,1169.5612,998.50304,1373.088,648.38144,432.408,694.47704,942.9008,801.12,984.3664,480.802688,1847.60746752,1623.88617411,822.75328,1563.5582185,609.661414912,1083.94384517,1430.04565965,478.33344,823.107456,907.049808,564.30929664,653.960761549,609.661414912,610.8958464,779.221632,780.0532608,778.381632,779.5774464,3435.258336,1182.6487744,1924.11584384,742.5393024,611.27144448,1301.5176,1173.7788224,552.6,2814.7592,685.286528,700.150945792,1642.84472,1515.136256,469.9424,469.9424,2000.59766784,693.0616,1721.588,2513.98751913,1876.54111913,1037.8704,2505.03125729,1215.39462006,1760.27958625,1447.03120922,914.5140288,613.0479808,651.0804608,524.05728,476.47328,1733.65575936,511.88,565.8096,435.202816,903.2661632,1159.313408,470.7424,960.5824,566.26422656,565.37589504,474.456,464.8,478.35616,611.27144448,482.5553024,874.0517056,657.128576,699.8600576,615.7460352,473.9716864,478.35616,862.472,1320.07653222,823.69088,657.698624,789.897065472,1919.52,860.683456,690.91328,740.2003584,518.39296,914.582592,790.2513024,790.2513024,476.39296,476.39296,691.26688,691.26688,564.192512,1136.5344
pooledMean,488.2,488.2,1030.7904,880.5376,1204.956,571.904,381.512,612.728,829.704,707.6,869.6,426.7289344,1623.88617411,1447.64662569,730.37728,1384.9698176,539.472811622,956.928981504,1265.7725056,422.088,727.7862912,800.81696,501.356096,577.539648512,539.472811622,540.850474906,691.445632,690.53791232,690.725632,688.85660928,3019.49216,1047.294784,1701.85126656,656.749632,540.05660928,1148.16,1036.08091259,487.8,2485.328,602.384,619.462232576,1445.552,1338.3750912,415.5424,415.5424,1767.06438656,612.128,1523.5664,2218.78614753,1657.04214753,914.8256,2216.20686223,1077.74726502,1549.88617411,1277.35369472,811.9963136,541.70861056,576.4779648,464.27328,423.99328,1527.95335199,453.7536,498.736,387.007159194,802.4,1027.31072,416.9024,851.6976,501.75405056,500.58656,421.3904,409.0,424.438592,540.05660928,427.421632,772.907588301,584.1228288,619.901402931,546.50898176,418.9824,424.438592,767.904,1165.80893153,728.93728,582.477399552,698.813038182,1697.872,760.3462912,611.33728,657.246464,459.2482048,810.47456,699.941632,699.941632,421.580992,421.580992,612.80128,612.80128,499.65005056,1005.8464
add,251.0,251.0,522.168,445.816,613.584,291.784,194.96,311.056,423.584,364.2,443.88,218.410816,822.75328,730.37728,382.757860659,703.600256,275.76064,491.15936,643.144128,215.16,379.978618982,409.1216,257.952448,295.08064,275.76064,277.23008,357.789272474,355.01568,356.246846054,355.01568,1539.54304,534.126016,864.40064,338.71008,277.00608,585.344,529.46464,249.64,1268.632,307.92,315.16608,734.704,694.67104,215.6912,215.6912,900.91424,312.224,781.0656,1128.10784,841.50784,464.96,1118.37728,546.9888,784.75328,649.18304,411.611328,275.45664,295.0352,239.00608,218.853246054,776.88064,232.864,253.544,198.0512,413.7872,527.736,217.2112,438.01408,256.497728,256.9104,219.5664,211.16,219.9664,277.00608,219.7716608,393.24608,297.49355264,315.84064,277.616256,217.0864,219.9664,394.352,590.75328,375.86208,295.65664,354.76608,864.57408,393.513856,318.233856,334.344128,236.6752,421.05184,360.77952,360.77952,217.0512,217.0512,320.1515264,320.1515264,256.92064,515.43808
cosineDistance,474.144,474.144,999.5328,858.452416,1165.4936,552.3376,372.248,599.192576,805.4176,687.6,845.608,411.105529856,1563.5582185,1384.9698176,703.600256,1365.32826255,519.212032,924.692352,1242.99860767,409.93344,701.16608,777.993152,483.742912,557.457664,519.212032,520.724352,667.6401664,665.204352,668.2759808,665.204352,2972.272736,1010.34424177,1641.5468288,635.4596608,520.9252608,1113.5656,1009.739072,471.88,2409.71664,584.64,595.358464,1400.87104,1290.85248,404.1152,404.1152,1705.1654528,598.0192,1483.6096,2140.77661312,1594.57661312,883.208,2135.4271657,1047.61740237,1491.0382185,1228.47606605,790.834600858,519.334912,555.39328,448.92608,408.810432,1472.1200128,439.864,484.832,371.18848,772.112,991.888,402.9312,819.6768,487.30005545,481.542912,404.8512,398.4,407.52128,520.9252608,412.71213056,743.510464,562.5662848,595.891712,524.203961856,402.9312,407.52128,737.712,1119.20672512,702.14208,560.849472,671.430464,1632.792,737.56608,591.64608,637.532789146,443.26048,781.280512,675.8308608,675.8308608,406.63648,406.63648,590.14208,590.14208,482.660032,972.7456
manhattanDistance,185.36,185.36,388.288,330.64,456.528,216.5776,143.96,230.744,314.944,268.6,328.8704,161.7601024,609.661414912,539.472811622,275.76064,519.212032,206.237929062,363.15439616,475.162816,159.28,276.57235456,302.71104,189.42528,218.634622464,206.237929062,205.615779226,261.874816,261.787337216,261.474816,262.689086464,1137.07888,393.134208,639.70060032,248.274816,205.729086464,432.12,391.906953626,185.88,935.872,229.704,233.877106176,544.952,507.1076864,158.3712,158.3712,666.09964032,231.544,572.864,835.01348608,623.11508608,344.28,826.5844224,403.52704,581.561414912,479.6134912,304.226816,203.62620928,219.4818048,175.61664,159.85664,577.52336128,172.5936,188.24,146.654592,301.184,386.504,159.4912,319.7664,190.19379456,189.56128,159.8912,156.56,160.669312,205.729086464,161.490816,292.449589146,219.2656128,234.583423386,205.20671488,160.1152,160.669312,288.304,437.90057728,275.37664,218.3477504,264.426755584,634.9536,290.3044864,233.12064,247.250752,175.0517248,306.28928,264.242816,264.242816,160.384512,160.384512,231.93664,231.93664,190.15379456,377.8592
chebyshevDistance,333.3776,333.3776,689.864,588.92,813.272,385.064,256.2,409.864,560.544,479.96,584.64,284.874816,1083.94384517,956.928981504,491.15936,924.692352,363.15439616,654.301424947,845.694976,283.08,492.8583808,539.98944,335.79648,387.7842304,363.15439616,365.30950656,464.953856,465.19156224,464.433856,466.65517056,2029.994816,700.432128,1138.34575616,442.728256,365.04557056,772.08,698.49833216,329.92,1673.677312,408.848,415.1604736,973.0,908.1883008,282.744512,282.744512,1185.10383616,411.064,1029.7536,1483.08126464,1106.64126464,613.6544,1471.0958464,716.28544,1033.94384517,853.16154368,538.814976,361.4975232,387.52928,311.88608,283.56608,1027.34644224,304.984,335.4,257.92128,538.19744,690.216,282.9264,572.108032,335.298816,336.14048,284.83168,279.16,286.30176,365.04557056,286.760256,519.81186816,388.788352,416.37833216,363.6110592,283.4864,286.30176,511.808,778.37259264,491.514432,388.786816,468.38793216,1137.50208,518.995641139,415.25952,436.974976,309.86048,546.18848,471.219456,471.219456,284.23648,284.23648,413.488256,413.488256,337.144256,676.31808
tanimotoDistance,434.144,434.144,915.4608,785.532416,1068.4936,505.5376,340.648,548.008576,738.0176,632.04,774.208,375.916358656,1430.04565965,1265.7725056,643.144128,1242.99860767,475.162816,845.694976,1138.63919852,375.13344,641.04704,712.474496,442.614976,509.834432,475.162816,476.230976,610.8888832,608.790976,611.1867904,608.790976,2711.069216,923.128400486,1500.9590976,580.3765504,476.5061504,1019.6936,921.716416,432.88,2204.25104,535.68,544.060032,1283.15104,1179.49024,370.4912,370.4912,1559.3529664,547.2992,1358.4176,1959.78579456,1458.62579456,808.408,1953.01037005,959.650709811,1363.52565965,1123.74382822,723.116720538,474.736256,508.56384,410.44704,373.537216,1347.2315264,403.464,443.36,339.83904,707.432,908.848,369.7776,749.0704,445.746008986,440.814976,370.9376,365.0,373.19744,476.5061504,377.15478528,679.612032,513.3879424,544.613056,478.565574656,369.0176,373.19744,675.832,1022.99565056,641.50304,512.481536,613.532032,1492.44,675.27104,541.84704,582.997272986,407.23104,713.563776,616.9189504,616.9189504,373.60704,373.60704,539.42304,539.42304,442.930816,888.3936
sum,145.88,145.88,309.454976,264.3456,357.464,171.8512,116.262678835,185.23744,248.66144,210.6,256.88,126.28,478.33344,422.088,215.16,409.93344,159.28,283.08,375.13344,131.325000397,214.76,237.768,148.448,169.92,159.28,159.92,204.72,204.32,204.52,204.32,897.22,307.568,502.592,195.864,160.368,346.029312,308.808,146.1936,744.693312,180.728,181.92,435.534912,396.008,123.0,123.0,521.632,185.336,455.264,652.2912,487.7512,276.193967616,650.552,318.45344,456.23344,375.728,239.248,158.72,170.28,138.304,124.4,455.5872,137.4272,152.7568,114.304,239.4576,303.48,123.0,251.824,148.16,148.168,123.56,121.8,125.08,160.368,127.368,227.68,171.68,182.48,160.48,123.0,125.08,226.864,343.3712,217.07744,171.376,206.0,503.13728,225.36,181.36,193.968,135.52,239.768,208.128,208.128,124.52,124.52,180.56,180.56,147.72,300.94144
dec,251.96,251.96,522.544,445.96,616.328,292.768,194.76,310.744,425.384,364.0,444.6944,217.33664,823.107456,727.7862912,379.978618982,701.16608,276.57235456,492.8583808,641.04704,214.76,380.837860659,409.1216,256.3904,295.354816,276.57235456,277.3956608,355.01568,354.846846054,354.49568,355.869272474,1537.99904,533.07872,864.1428864,337.52608,277.859672474,584.92,529.2244864,250.32,1267.2416,309.904,315.777344,736.992,696.0148864,215.2912,215.2912,900.3460864,311.944,777.648,1128.5299456,841.8899456,466.0,1115.443456,544.1616,785.107456,648.591168,409.68704,275.593728,295.0352,237.82208,217.10208,779.8051456,232.184,253.48,197.2512,410.4336,525.392,216.8112,435.87008,255.76064,256.552448,218.6064,211.96,219.0064,277.859672474,218.42208,394.0699264,295.98208,316.2244864,276.879168,217.464512,219.0064,390.0,591.8548736,375.14208,295.59264,355.85779456,863.04,394.4577024,317.833856,332.64704,236.2752,419.7424,359.47008,359.47008,216.6512,216.6512,319.1915264,319.1915264,256.52064,513.34464
errorRate,278.408,278.408,581.1376,495.584,681.5936,323.53344,215.4336,347.5776,471.13344,403.6,490.16,238.68704,907.049808,800.81696,409.1216,777.993152,302.71104,539.98944,712.474496,237.768,409.1216,463.334559232,280.71318016,325.39552,302.71104,302.86144,387.26144,387.06144,387.06144,387.26144,1715.2694976,587.9611648,953.55444992,368.221376,303.27318016,646.448,585.15104,276.16,1400.6256,342.0,347.82048,816.5376,755.4608,236.8656,236.8656,992.53364992,346.49344,864.8576,1240.458432,925.788432,516.1136,1230.97320192,603.074496,865.239808,712.5537408,455.198029824,303.786368,324.250816,260.2976,236.2176,859.35860992,256.744,280.904,216.32704,449.384,580.74176,236.4176,477.04,281.84096,280.859226112,237.3776,232.68,238.43744,303.27318016,239.2069504,433.02048,325.39648,347.06048,304.79648,235.90304,238.43744,428.864,652.32768,408.4176,324.85888,391.18048,948.9408,431.3696,345.5616,369.260941824,261.37088,457.01238016,393.12278016,393.12278016,239.74688,239.74688,344.9472,344.9472,283.73088,564.14944
scale,171.28,171.28,358.9776,307.504,421.2336,200.09344,134.5936,214.4176,290.89344,249.6,305.2,149.80128,564.30929664,501.356096,257.952448,483.742912,189.42528,335.79648,442.614976,148.448,256.3904,280.71318016,179.452354662,201.82528,189.42528,190.54048,245.062528,243.50048,245.278592,243.50048,1056.4176,364.5477248,593.499778253,231.904512,190.95860992,402.064,363.70528,171.72,871.4976,210.96,215.62528,504.3376,469.8944,147.5712,147.5712,618.787714253,215.65344,534.7776,774.6900992,577.4500992,318.2736,769.702681702,377.90168064,538.30929664,445.908102656,284.42518016,188.20128,202.82528,164.3664,150.664512,532.709455872,160.704,174.544,136.146048,282.221504,360.6384,148.6912,298.8656,176.42528,177.15860992,149.7408,144.76,150.41088,190.95860992,151.2917248,269.78528,204.22528,216.22528,189.60128,148.6464,150.41088,269.9168,404.5700992,256.4368,203.050816,243.18528,590.4752,268.8752,217.0352,230.19318016,162.42528,286.19860992,246.63860992,246.63860992,148.80128,148.80128,216.5008,216.5008,176.22528,352.58464
eucleadianDistance,197.8,197.8,416.128,354.984,489.04,231.144,154.12,247.944,338.1776,287.4,350.8,172.2859264,653.960761549,577.539648512,295.08064,557.457664,218.634622464,387.7842304,509.834432,169.92,295.354816,325.39552,201.82528,237.891097907,218.634622464,218.545086464,278.514816,278.4527232,278.314816,278.7906304,1223.689856,424.062272,684.5982464,264.874816,218.3906304,461.752,418.554622464,197.56,1000.544,246.917376,251.990843187,585.50176,545.317056,168.9712,168.9712,713.3942464,248.064,614.064,891.9198912,665.7598912,370.1136,885.86144256,432.45056,623.535401728,513.30000128,326.554432,219.47728128,233.4517248,187.21664,170.25664,617.0470912,183.8336,200.88,156.184512,321.608,413.264,169.9312,342.5024,203.82797056,201.82528,171.0512,166.2,171.829312,218.3906304,172.090816,313.831041024,235.4944128,251.647041024,220.23469568,169.9312,171.829312,306.68,471.419648512,293.73664,235.1046784,282.327041024,680.4112,309.234816,248.56064,264.680256,187.2517248,329.12928,282.962816,282.962816,171.584512,171.584512,248.65664,248.65664,203.35379456,404.9952
distance1,185.36,185.36,388.288,330.64,456.528,216.5776,143.96,230.744,314.944,268.6,328.8704,161.7601024,609.661414912,539.472811622,275.76064,519.212032,206.237929062,363.15439616,475.162816,159.28,276.57235456,302.71104,189.42528,218.634622464,206.237929062,205.615779226,261.874816,261.787337216,261.474816,262.689086464,1137.07888,393.134208,639.70060032,248.274816,205.729086464,432.12,391.906953626,185.88,935.872,229.704,233.877106176,544.952,507.1076864,158.3712,158.3712,666.09964032,231.544,572.864,835.01348608,623.11508608,344.28,826.5844224,403.52704,581.561414912,479.6134912,304.226816,203.62620928,219.4818048,175.61664,159.85664,577.52336128,172.5936,188.24,146.654592,301.184,386.504,159.4912,319.7664,190.19379456,189.56128,159.8912,156.56,160.669312,205.729086464,161.490816,292.449589146,219.2656128,234.583423386,205.20671488,160.1152,160.669312,288.304,437.90057728,275.37664,218.3477504,264.426755584,634.9536,290.3044864,233.12064,247.250752,175.0517248,306.28928,264.242816,264.242816,160.384512,160.384512,231.93664,231.93664,190.15379456,377.8592
distanceInf,185.36,185.36,388.664,331.936,456.728,216.504,144.52,231.384,315.144,268.6,328.52,161.7604864,610.8958464,540.850474906,277.23008,520.724352,205.615779226,365.30950656,476.230976,159.92,277.3956608,302.86144,190.54048,218.545086464,205.615779226,207.837929062,263.744256,263.16820224,263.096256,263.91213056,1137.43904,392.956416,641.97391616,250.434432,206.95213056,435.4,394.268014387,185.32,940.248,229.504,234.375282176,546.752,508.3076864,158.3712,158.3712,667.60239616,232.584,576.6816,833.94750464,623.21950464,344.416,831.2228224,404.67744,582.8958464,481.7836032,304.806976,203.73872128,219.8101248,177.376256,160.67808,578.027337216,172.4336,189.44,146.109312,302.3776,387.848,159.4912,322.04608,190.14835456,190.54048,160.1664,156.56,161.344512,206.95213056,163.250432,293.335844147,219.6276608,235.351266509,205.58989568,160.1664,161.344512,288.624,438.45003264,276.84608,219.1364864,264.587608986,639.746816,291.1044864,233.92064,247.270976,174.7765248,308.03456,266.802432,266.802432,160.109312,160.109312,232.62208,232.62208,190.26835456,381.538816
ebeAdd,236.8,236.8,496.128,423.616,581.984,275.744,185.12,295.616,401.344,345.6,420.32,207.5266304,779.221632,691.445632,357.789272474,667.6401664,261.874816,464.953856,610.8888832,204.72,355.01568,387.26144,245.062528,278.514816,261.874816,263.744256,342.338686566,339.56093911,340.793809101,339.56093911,1459.22304,502.6978304,818.684416,321.664256,263.520256,556.704,502.818816,237.04,1202.192,291.92,298.004352,696.464,650.46784,204.1312,204.1312,853.368256,297.184,739.8656,1067.102016,795.902016,439.28,1061.845632,519.72864,743.221632,615.527296,390.9560832,259.890816,280.14528,227.24608,207.293246054,735.634816,221.424,241.744,187.76128,390.3072,499.328,205.8112,413.32608,243.6127232,244.02048,206.4864,201.12,207.55648,263.520256,209.28813056,372.484352,281.332873216,298.674816,262.4561664,205.1264,207.55648,373.152,558.147456,354.54208,279.490816,336.004352,817.37408,372.83008,301.77408,317.2888832,224.38528,394.83392,341.357696,341.357696,205.76128,205.76128,299.50208,299.50208,244.034816,487.83808
ebeDivide,237.04,237.04,496.704,423.04,583.36,276.28,184.92,295.304,402.544,345.6,420.0176,206.450816,780.0532608,690.53791232,355.01568,665.204352,261.787337216,465.19156224,608.790976,204.32,354.846846054,387.06144,243.50048,278.4527232,261.787337216,263.16820224,339.56093911,340.418686566,339.04093911,339.393809101,1458.12704,502.425536,818.58750464,320.480256,263.352496845,556.0,501.84030464,237.0,1198.5744,292.872,298.6180736,698.848,650.8723456,203.7312,203.7312,851.94974464,296.904,736.448,1066.59855616,795.67855616,440.64,1060.6852608,516.90144,744.0532608,615.8571904,389.030976,260.5666304,279.62528,226.06208,205.54208,738.26095616,220.744,241.4,186.96128,386.7536,496.984,205.4112,410.98208,242.874816,244.398592,205.5264,201.52,206.59648,263.352496845,207.936256,372.28984064,279.820352,298.32030464,262.0561664,204.768448,206.59648,368.6,559.60777216,353.42208,280.074816,336.476873216,817.61408,373.0345856,301.37408,315.590976,223.98528,393.52448,340.048256,340.048256,205.36128,205.36128,298.54208,298.54208,243.634816,485.54464
ebeMultiply,236.6,236.6,495.616,424.344,581.784,275.544,185.32,295.928,401.344,345.4,421.0,206.9887232,778.381632,690.725632,356.246846054,668.2759808,261.474816,464.433856,611.1867904,204.52,354.49568,387.06144,245.278592,278.314816,261.474816,263.096256,340.793809101,339.04093911,341.298686566,339.04093911,1459.18304,502.1599232,818.028416,321.016256,263.000256,555.792,501.970816,237.12,1200.936,291.92,297.804352,696.664,650.26784,203.9312,203.9312,853.072256,297.464,738.0384,1066.982016,795.302016,439.08,1061.045632,520.01024,742.381632,614.567296,391.8155904,259.690816,279.66528,226.59808,207.795672474,735.234816,221.504,241.432,187.36128,388.272,497.76,205.6112,411.95808,243.7506304,243.50048,205.9664,201.12,207.03648,263.000256,208.54420224,372.364352,281.834622464,298.194816,261.9182592,204.6064,207.03648,370.608,557.547456,353.74208,279.490816,335.604352,815.3424,372.63008,301.57408,316.9467904,224.18528,394.11424,340.638016,340.638016,205.56128,205.56128,298.98208,298.98208,243.834816,486.5264
ebeSubtract,237.76,237.76,496.504,423.76,584.728,276.728,184.92,295.304,403.144,345.4,421.1344,206.450816,779.5774464,688.85660928,355.01568,665.204352,262.689086464,466.65517056,608.790976,204.32,355.869272474,387.26144,243.50048,278.7906304,262.689086464,263.91213056,339.56093911,339.393809101,339.04093911,340.418686566,1457.67904,501.648896,818.42895616,320.480256,264.376509235,556.28,502.58095616,237.72,1200.8016,293.904,298.6180736,698.752,651.8116864,203.7312,203.7312,852.80239616,296.904,736.448,1067.52510464,796.28510464,440.32,1058.9134464,516.90144,743.5774464,614.9362432,389.030976,260.0287232,280.14528,226.06208,205.54208,738.56030464,220.744,241.68,186.96128,386.9536,496.984,205.4112,411.18208,242.874816,243.662528,205.5264,201.92,206.59648,264.376509235,207.936256,373.31049216,279.820352,299.06095616,261.7182592,205.504512,206.59648,368.8,559.25003264,353.82208,279.426816,337.098622464,815.84,373.7739264,301.37408,315.590976,223.98528,393.52448,340.048256,340.048256,205.36128,205.36128,298.54208,298.54208,243.634816,485.74464
safeNorm,1049.912,1049.912,2202.872,1884.0224,2595.4344,1216.62,816.44,1312.588,1782.1,1528.04,1865.68,896.14288,3435.258336,3019.49216,1539.54304,2972.272736,1137.07888,2029.994816,2711.069216,897.22,1537.99904,1715.2694976,1056.4176,1223.689856,1137.07888,1137.43904,1459.22304,1458.12704,1459.18304,1457.67904,6714.21866854,2208.33184,3591.63168,1383.84704,1138.23904,2443.39552,2226.992768,1046.22,5299.211424,1293.92,1302.10776,3091.68952,2834.24608,891.40704,891.40704,3748.98128,1306.74,3253.904,4711.2062048,3502.8770048,1953.34,4662.920512,2285.59104,3270.106336,2691.181856,1720.630816,1139.62208,1216.8472,978.58304,892.38304,3248.82608,969.98,1059.2248,812.7272,1697.224,2189.264,887.3072,1790.95808,1060.950816,1054.9776,888.7472,885.36,891.9472,1138.23904,897.30304,1628.71776,1223.61776,1301.97808,1141.33776,887.2976,891.9472,1621.54,2453.80605056,1541.62304,1225.15296,1466.49776,3579.02464,1620.402816,1295.36288,1390.22288,974.1368,1711.31776,1471.238272,1471.238272,894.1368,894.1368,1297.110272,1297.110272,1057.64272,2121.08064
entropy,358.7232,358.7232,749.42144,639.304,874.66,416.7312,278.6336,446.7264,604.1936,516.76,632.264,311.972574618,1182.6487744,1047.294784,534.126016,1010.34424177,393.134208,700.432128,923.128400486,307.568,533.07872,587.9611648,364.5477248,424.062272,393.134208,392.956416,502.6978304,502.425536,502.1599232,501.648896,2208.33184,773.855523942,1239.97447936,480.6756864,393.22643456,834.368,756.077056,354.48,1809.4176,439.232,451.955712,1052.952,988.0965504,307.460537856,307.460537856,1286.88743936,445.6336,1115.87808,1614.3438144,1206.2038144,667.1136,1604.16670976,781.751424,1128.2287744,929.35220736,589.974025933,395.983936,419.740992,338.26784,308.724928,1112.35719936,329.56,363.0576,282.43296,583.936,748.1216,306.4176,622.3808,366.72871424,364.6197248,309.6576,298.6,311.68768,393.22643456,311.876286464,563.212864,426.4992384,453.0425344,399.075219763,306.0304,311.68768,556.784,851.4898944,532.74784,425.60608,508.91584,1235.856,558.153664,449.041152,478.231138509,337.39808,595.9893248,511.85715456,511.85715456,310.39808,310.39808,449.69184,449.69184,366.457856,735.0368
g,581.384,581.384,1225.0336,1047.3056,1433.6472,680.03744,454.2576,730.2992,988.67744,842.32,1033.88,504.556032,1924.11584384,1701.85126656,864.40064,1641.5468288,639.70060032,1138.34575616,1500.9590976,502.592,864.1428864,953.55444992,593.499778253,684.5982464,639.70060032,641.97391616,818.684416,818.58750464,818.028416,818.42895616,3591.63168,1239.97447936,2032.44491039,780.5099264,642.470871347,1368.424,1233.03507456,579.896,2956.5776,718.32,733.0923776,1722.3336,1595.45230182,492.8752,492.8752,2104.0099583,729.69088,1815.2256,2628.2408873,1962.5088873,1087.5216,2618.22420183,1275.61244416,1835.49584384,1512.94675098,960.689421824,639.4966912,683.14016,551.31264,500.72064,1815.33809746,538.216,594.472,456.268032,948.11744,1216.8016,494.3152,1010.112,594.495232,593.77684992,498.3088,488.136,502.02848,642.470871347,507.27379456,916.569001472,689.84296448,734.38092032,644.8240384,496.7952,502.02848,907.134976,1381.4667433,865.25824,689.43392,827.92383232,2012.5712,903.8628864,725.62464,778.106228224,544.43808,961.55284992,831.572941824,831.572941824,499.81408,499.81408,725.91424,725.91424,592.817856,1195.66464
calculateAbsoluteDifferences,225.0,225.0,471.064,402.8144,548.92,261.944,176.744,281.464,379.344,325.4,396.64,197.434816,742.5393024,656.749632,338.71008,635.4596608,248.274816,442.728256,580.3765504,195.864,337.52608,368.221376,231.904512,264.874816,248.274816,250.434432,321.664256,320.480256,321.016256,320.480256,1383.84704,480.6756864,780.5099264,312.302715187,250.5899264,530.784,479.108416,222.8,1143.872,276.32,283.988352,663.944,626.16544,194.0912,194.0912,812.0058624,282.8368,703.46944,1011.1956864,756.6756864,418.304,1008.8889728,491.597376,708.5393024,585.7809664,370.2325504,247.874816,264.92128,217.12009216,196.22208,699.0244864,207.96,231.32,178.16128,368.7376,472.008,195.4352,395.507456,231.154816,231.464512,196.1104,190.52,197.98048,250.5899264,199.8641024,354.188352,267.924352,284.034816,250.548352,193.5664,197.98048,350.464,534.1451264,337.92608,267.2002304,320.5137664,781.5458304,354.64064,287.76064,300.2965504,212.72128,378.864192,327.3601024,327.3601024,195.72128,195.72128,284.92608,284.92608,231.674816,467.3858304
calculateDifferences,185.36,185.36,389.1376,332.304,456.9776,217.07744,144.8336,231.7776,315.49344,268.6,328.7344,161.490816,611.27144448,540.05660928,277.00608,520.9252608,205.729086464,365.04557056,476.5061504,160.368,277.859672474,303.27318016,190.95860992,218.3906304,205.729086464,206.95213056,263.520256,263.352496845,263.000256,264.376509235,1138.23904,393.22643456,642.470871347,250.5899264,207.83868928,436.024,394.10095616,185.32,941.6752,229.504,234.2180736,547.5456,508.3076864,158.3712,158.3712,668.128407347,233.01344,576.6176,835.379168256,624.139168256,344.6336,830.804641485,405.014976,583.27144448,481.954240512,305.045272064,203.6287232,219.18528,177.42208,160.58208,578.181593395,172.344,189.664,146.00128,302.1536,387.624,159.4912,322.14208,189.914816,191.12065792,160.1664,156.56,161.23648,207.83868928,163.35379456,292.91049216,219.420352,234.66095616,205.3182592,160.544512,161.23648,288.4,439.104096256,276.46208,219.186816,264.858622464,639.584,291.1044864,233.92064,247.605272064,174.62528,308.18260992,266.948941824,266.948941824,160.00128,160.00128,232.62208,232.62208,190.114816,381.61408
computeDividedDifference,396.008,396.008,836.1525504,715.8592,978.736,463.064,310.384,497.7536,674.78944,575.56,701.744,340.544,1301.5176,1148.16,585.344,1113.5656,432.12,772.08,1019.6936,346.029312,584.92,646.448,402.064,461.752,432.12,435.4,556.704,556.0,555.792,556.28,2443.39552,834.368,1368.424,530.784,436.024,951.088774554,840.1152,395.16,2031.92470784,490.032,495.984,1181.07060992,1077.9216,333.76,333.76,1422.9584,498.864,1240.512,1779.12464,1327.49904,740.35328,1774.144,866.3216,1241.3176,1023.8656,649.536,431.12,462.12,375.392,337.872,1232.9312,368.2336,409.216,306.96,647.776,829.6816,334.16,685.072,400.432,402.224,335.36,332.0,338.32,436.024,344.448,620.8944,464.992,495.8,434.864,335.08,338.32,616.064,932.93504,585.8272,465.12,560.28,1371.99488,613.8,492.08,525.536,367.52,650.368,564.128,564.128,337.12,337.12,490.32,490.32,400.88,815.96704
computeCanberraDistance,357.08,357.08,750.6656,641.925504,880.448,416.544,278.96,448.432,605.944,516.4,631.56,309.0459264,1173.7788224,1036.08091259,529.46464,1009.739072,391.906953626,698.49833216,921.716416,308.808,529.2244864,585.15104,363.70528,418.554622464,391.906953626,394.268014387,502.818816,501.84030464,501.970816,502.58095616,2226.992768,756.077056,1233.03507456,479.108416,394.10095616,840.1152,767.513887437,354.92,1814.3648,439.824,448.617470976,1055.3872,973.1476864,303.9312,303.9312,1283.19501056,448.336,1114.0256,1602.11220224,1196.57220224,664.576,1596.2541824,779.09504,1119.2788224,922.6358912,586.826816,391.10120448,418.9957248,339.21408,306.15264,1110.71539866,330.6336,365.128,279.184512,579.448,745.808,303.6912,616.72384,363.63379456,363.50528,304.6512,300.36,307.029312,394.10095616,311.354816,560.737913907,420.7233408,449.135844147,393.48762368,304.2512,307.029312,553.184,842.26701824,529.25664,420.1592064,506.169023386,1228.8288,556.6244864,446.08064,475.690816,333.8517248,590.12128,510.066816,510.066816,306.184512,306.184512,444.88064,444.88064,363.55379456,732.2208
evaluateHoners,174.25344,174.25344,357.24,304.584,425.448,199.304,131.9344,210.76,292.36,251.9984,304.9616,144.96,552.6,487.8,249.64,471.88,185.88,329.92,432.88,146.1936,250.32,276.16,171.72,197.56,185.88,185.32,237.04,237.0,237.12,237.72,1046.22,354.48,579.896,222.8,185.32,395.16,354.92,178.734648422,860.549504,216.27318016,210.76,502.8976,459.824,144.64,144.64,606.896,211.784,526.6,765.168,567.588,317.864,750.36,368.336,526.5,434.48,276.336,183.8,199.28,157.96,145.16,531.368,162.187815731,173.8672,131.96,280.3936,357.3232,145.2,289.44,171.4,171.6,145.2,145.0,144.64,185.32,144.4,264.904,197.384,211.48,183.96,146.32,144.64,265.888,395.784,250.4,196.68,237.88,579.0,264.36,210.6,223.872,158.4,275.36,235.96,235.96,144.84,144.84,209.96,209.96,171.4,341.8
evaluateInternal,865.73728,865.73728,1806.62156032,1547.47264,2126.9712,1005.8128,670.5488,1073.56704,1462.42432,1246.48,1524.8624,735.944,2814.7592,2485.328,1268.632,2409.71664,935.872,1673.677312,2204.25104,744.693312,1267.2416,1400.6256,871.4976,1000.544,935.872,940.248,1202.192,1198.5744,1200.936,1200.8016,5299.211424,1809.4176,2956.5776,1143.872,941.6752,2031.92470784,1814.3648,860.549504,4411.33772483,1064.568,1072.724,2550.92005263,2336.2768,725.368,725.368,3085.3248,1075.55104,2686.7296,3865.46352,2879.17392,1606.13536,3832.2656,1872.99904,2683.8592,2211.936,1405.6896,934.232,1001.3136,808.4496,734.432,2669.71584,797.760704,880.6224,665.6,1409.72,1797.168,724.52,1483.9776,866.336,869.152,729.68,718.6,734.0,941.6752,741.632,1344.3552,1007.768,1073.008,939.984,729.9136,734.0,1342.584,2017.53248,1270.25984,1005.1584,1210.928,2966.984192,1330.334976,1063.184,1137.3936,795.664,1408.46144,1215.8256,1215.8256,729.64,729.64,1063.56,1063.56,865.944,1760.128832
evaluateNewton,214.41344,214.41344,443.49152,378.1616,526.104,246.928,163.464,262.48352,364.301376,309.08,375.5936,178.76,685.286528,602.384,307.92,584.64,229.704,408.848,535.68,180.728,309.904,342.0,210.96,246.917376,229.704,229.504,291.92,292.872,291.92,293.904,1293.92,439.232,718.32,276.32,229.504,490.032,439.824,216.27318016,1064.568,270.532407091,262.80576,625.5545856,571.472,177.6,177.6,751.3256,264.48704,651.104,942.332,700.252,395.405376,928.9888,453.72,652.86128,537.6144,341.48,228.216,246.344,195.52,177.76,657.776,197.128,215.80064,162.2,343.2832,438.3728,178.56,357.52,212.48,211.8,178.56,178.4,178.0,229.504,178.56,328.648,243.32,262.104,228.032,179.92,178.0,324.36,492.4016,308.88,244.08,295.344,717.608,327.328,260.32,276.32,195.16,342.144,293.44,293.44,178.2,178.2,259.52,259.52,211.72,423.888
meanDifference,211.2,211.2,445.424,379.1984,523.808,247.904,164.52,265.064,360.88,306.0,373.88,184.1873408,700.150945792,619.462232576,315.16608,595.358464,233.877106176,415.1604736,544.060032,181.92,315.777344,347.82048,215.62528,251.990843187,233.877106176,234.375282176,298.004352,298.6180736,297.804352,298.6180736,1302.10776,451.955712,733.0923776,283.988352,234.2180736,495.984,448.617470976,210.76,1072.724,262.80576,272.082799616,628.72544,582.063744,179.9712,179.9712,763.6469376,265.064,656.784,952.6995776,712.3195776,395.376,949.64154624,461.58048,668.250945792,549.41005312,348.580032,236.40860672,249.2517248,200.70208,181.94208,661.0107776,196.0336,215.72,166.384512,343.208,441.664,180.9312,366.8528,217.05586432,216.02528,182.0512,176.8,183.229312,234.2180736,184.580352,335.743594496,251.6972416,268.587454976,237.190316544,181.1312,183.229312,327.08,505.1356544,313.82208,251.3609728,303.855594496,731.3104,330.657344,265.64608,282.980032,199.4517248,351.55328,303.700352,303.700352,182.784512,182.784512,265.34208,265.34208,217.25586432,434.0544
