min,176.463900401,176.463900401,354.18,302.297,421.004,199.014,132.319,209.857,289.525,248.65,302.657,144.5,551.9025,486.325,250.0,472.497,184.49,331.0291,432.747,145.07,250.69,276.924,170.695,197.1,184.49,184.49,236.1,236.2725,235.95,236.79,1047.296,356.5797,578.9195,224.0,184.49,394.374,355.47,172.69963,859.84916,212.53963,210.4,499.7375,463.307,145.7321,145.7321,605.647,210.274,529.842888979,762.3925,566.0425,317.4945,747.825,365.89,525.9025,434.0625,274.35,184.1,197.49,157.5,144.65,527.4295,157.44,171.97,131.59,279.708,355.8075,144.8,290.98,170.35,170.9725,145.49,144.2,145.49,184.49,144.5,263.39,196.95,210.79,184.1,145.49,145.49,264.887,395.5695,251.287,197.1675,237.09,581.114,264.497,210.7,222.35,157.8,277.5,237.0,237.0,144.8,144.8,211.09,211.09,170.8,342.707
max,176.463900401,176.463900401,354.18,302.297,421.004,199.014,132.319,209.857,289.525,248.65,302.657,144.5,551.9025,486.325,250.0,472.497,184.49,331.0291,432.747,145.07,250.69,276.924,170.695,197.1,184.49,184.49,236.1,236.2725,235.95,236.79,1047.296,356.5797,578.9195,224.0,184.49,394.374,355.47,172.69963,859.84916,212.53963,210.4,499.7375,463.307,145.7321,145.7321,605.647,210.274,529.842888979,762.3925,566.0425,317.4945,747.825,365.89,525.9025,434.0625,274.35,184.1,197.49,157.5,144.65,527.4295,157.44,171.97,131.59,279.708,355.8075,144.8,290.98,170.35,170.9725,145.49,144.2,145.49,184.49,144.5,263.39,196.95,210.79,184.1,145.49,145.49,264.887,395.5695,251.287,197.1675,237.09,581.114,264.497,210.7,222.35,157.8,277.5,237.0,237.0,144.8,144.8,211.09,211.09,170.8,342.707
covariance,354.18,354.18,753.49752993,637.633455,879.719205,414.5331,275.775,444.759758678,607.9988187,515.7,629.07675,303.18963,1160.0365125,1022.324025,519.714,991.9316625,385.494,685.977,908.6831625,305.746989,520.047,577.2441,356.7291,413.079,385.494,385.827,493.404,493.887,493.0455,493.737,2191.04315625,743.80113,1214.92335,467.727,386.0691,828.7749042,744.67935,355.56,1791.80545752,440.249865,441.8295,1053.62107671,956.5191,298.2,298.2,1265.35035,443.509215,1097.9991,1594.856889,1185.646014,664.85833785,1577.837625,771.792255,1105.86795,910.0186875,579.5557575,386.18625,412.8291,331.164,300.4485,1105.61565,329.394,361.434519,274.437,574.317,737.625,298.59,604.659,358.151775,357.6291,299.19,299.19,300.48,386.0691,303.711,551.784,413.2755,441.4191,387.36963,299.94,300.48,547.73955,831.140889,522.16173,413.71425,498.444,1216.7219967,546.447,437.097,469.0702575,328.437,576.2361,497.3061,497.3061,301.02,301.02,436.38,436.38,357.027,719.9173557
durbinWatson,302.297,302.297,637.633455,548.498222447,750.15588625,352.94868,236.1755,380.008115,516.28688,438.65,538.195,258.50425,989.690355,872.67035,443.53175,849.818619,328.3975,585.3425,777.938619,261.0556,443.6525,492.207,305.1995,352.332,328.3975,329.34925,421.13175,420.735,421.6095,421.2525,1871.9224,634.42575,1037.7706,399.624775,329.5495,708.6702,636.18155475,303.0695,1532.78983,375.2861,376.318025,896.144095,816.181,254.35,254.35,1081.04706875,378.511889,937.484525,1359.12563,1011.215255,565.796295,1348.48161,660.6548,943.529105,776.81163,497.3151,328.43306875,351.61125,282.8834325,257.5195,939.216557026,280.3425,308.83535,233.9075,491.09475,629.97525,254.35,516.9559325,305.8571,304.58375,254.9725,253.9,256.5625,329.5495,259.65625,471.1375,353.5545,376.29425,329.90425,255.7795,256.5625,467.965525,708.966519,444.863,353.5125,424.5675,1036.15135,465.73,372.74,401.0815,279.585,491.45625,424.55625,424.55625,256.585,256.585,372.0725,372.0725,304.085,614.3983
lag1,421.004,421.004,879.719205,750.15588625,1056.59019932,487.3521,322.577,518.2877,717.50323625,611.6,745.45,355.09,1365.42525,1199.5055,612.107,1161.9471,454.204,809.651,1065.1971,355.927,614.054,679.0221,419.7821,486.59390625,454.204,454.354,580.407,581.40375,580.257,582.354,2586.186025,871.87875,1426.73545,547.63,454.4791,973.72425,876.009,422.834,2114.11495,522.22090625,520.654625,1238.16884687,1128.9691,353.35,353.35,1496.68123625,517.3871,1289.6621,1884.538775,1396.59125,780.97327125,1852.6341,904.6721,1300.4062625,1071.0105,679.4721,455.263,486.387,387.72,354.55,1305.10154375,387.837,421.754,322.49,678.24,873.09,353.74,710.27,419.732,420.8771,353.74,355.09,354.04,454.4791,355.357,651.0085,484.29,518.804,453.235,356.32,354.04,646.675,976.54985625,614.7926,485.317275,585.0525,1427.8871875,646.054,515.057,550.0471,386.907,676.6821,581.2821,581.2821,354.49,354.49,514.64,514.64,419.507,840.8647
meanDeviation,199.014,199.014,414.5331,352.94868,487.3521,233.45655355,154.2501444,246.914748,337.27128,286.05,349.68525,168.27,643.35363,567.4245,290.007,549.0066,214.6791,382.377,502.6566,169.7712,290.664,321.14463,198.60963,229.497,214.6791,214.737,274.197,274.57125,274.047,274.854,1212.2175,413.59685625,674.63163,260.097,215.01663,459.552,413.397,198.087,997.1073,245.004,245.787,583.4606325,534.99,166.2,166.2,703.29663,246.92995332,610.7721,884.4612,658.47195,370.83855825,873.26913,426.7341,613.57863,505.0971,320.75463,214.905,229.989,183.87,167.25,613.57131,183.204,200.4042,152.67,320.61,409.8,166.59,336.93,198.6195,199.277655,167.49,165.9,167.88,215.01663,168.6321,306.777,229.62,245.727,215.31,168.0171,167.88,305.31,461.4585,290.67,229.815,277.4091,676.4775,304.647,243.507,260.07213,182.697,323.13963,277.26663,277.26663,167.28,167.28,244.38,244.38,198.297,399.81963
product,132.319,132.319,275.775,236.1755,322.577,154.2501444,104.924476577,165.743389,223.3306,190.3,233.48,112.9025,429.0615,378.4585,193.69,368.934,142.9025,254.575,337.734,114.373783286,193.54,213.9321,133.2721,153.03,142.9025,143.33,183.78,183.63,183.93,183.63,812.06,276.2946,450.3866,174.947,143.4821,307.557,276.54,131.379775,664.8083,162.502,163.33,388.1945,356.6,111.5,111.5,469.0066,166.0468444,407.617,588.53575,437.99575,246.460013286,583.6491,286.339,408.9115,337.3071,215.4621,142.73,152.9025,123.33,112.25,407.48335,122.459775,134.4823,102.35425,213.9735,273.345,111.5,225.22,133.42,132.8821,111.695,110.6,112.475,143.4821,113.4821,204.1025,153.8025,163.5025,143.5025,111.35,112.475,203.606,307.02825,194.1835,154.077,184.1925,449.567,203.39,163.39,174.0446,122.13,216.0621,186.0891,186.0891,112.13,112.13,163.285,163.285,132.73,267.3521
weightedMean,209.857,209.857,444.759758678,380.008115,518.2877,246.914748,165.743389,267.977240162,359.259175,305.05,373.07,180.559775,688.326105,607.204,309.1555,592.591089,228.9095,407.227,542.284089,182.56913,308.947,344.3541,212.5891,245.772,228.9095,229.382,293.5455,293.337,293.754,293.337,1303.759625,442.685775,722.9927,278.852,229.5791,492.8646,443.916,210.0025,1064.07173,260.625865,262.627,623.45993,568.07,176.9,176.9,751.4356,266.5994317,653.4406,941.7142,701.88445,394.56897,937.3623,459.816889,656.30923,539.9211,346.7532,228.92,245.17125,197.562,178.757,653.2456,196.0095,215.54002975,163.2025,340.125,436.695,177.29,359.662,214.05163,212.2891,177.74,176.6,178.73,229.5791,181.2125,327.6995,246.4995,262.46125,230.449775,177.44,178.73,324.4475,493.0317,309.46,246.24,296.1795,720.02705,324.497,260.197,280.1837,195.447,344.5176,297.6246,297.6246,179.03,179.03,260.02,260.02,212.737,428.92415
autoCorrelation,289.525,289.525,607.9988187,516.28688,717.50323625,337.27128,223.3306,359.259175,498.554224338,422.587,512.78,244.73,937.893065625,825.637,422.107,801.8016,313.097,557.797,734.7516,246.62363,423.457,468.59463,289.45963,335.8791,313.097,313.247,399.897,400.797,399.897,401.247,1776.231875,601.4721,983.10413,377.897,313.40963,670.71138,602.75325,290.665,1453.23839,360.759889,358.52125,854.4879395,779.459,242.9,242.9,1025.9883175,360.5184667,891.117889,1292.883775,959.903275,539.95858356,1273.34163,624.0991,893.879875,736.636875,468.54963,312.6741875,336.3021,267.87,243.5,899.7789565,268.7691,291.394,222.13,466.527,598.89,243.89,489.13,290.287,290.40463,244.19,244.79,243.98,313.40963,245.0321,447.737,333.63,357.997,312.53,245.33,243.98,443.48,672.34863,424.28173,334.62,403.587,983.2790645,445.9721,355.507,379.40963,267.147,468.977889,402.24963,402.24963,244.13,244.13,355.39,355.39,289.747,581.76038771
binarySearchFromTo,248.65,248.65,515.7,438.65,611.6,286.05,190.3,305.05,422.587,379.076623853,439.55,209.9,800.33625,706.45,363.4,686.7,267.95,478.69,630.735,210.2,363.25,402.45,248.95,286.8,267.95,267.95,344.7,344.7,344.55,344.55,1525.985,515.79,840.68,324.8,267.95,574.14,515.55,250.581775,1243.52,307.72,305.5,726.21275,671.54,211.19,211.19,878.515,307.387,772.687,1105.61125,819.625,457.65,1087.5225,534.9175,762.33625,629.63625,401.1,266.6,288.03,229.8,210.05,766.18,232.09275,248.59,190.9,405.12,521.43546,212.48,420.88,248.8,249.1,212.18,212.045,211.28,267.95,209.9,382.1,286.05,305.95,266.6,210.95,211.28,382.49,571.65,364.045,286.2,343.65,840.83,384.92,308.08,324.95,232.17,402.48,344.1,344.1,212.27,212.27,306.1,306.1,251.17,498.83
quantile,302.657,302.657,629.07675,538.195,745.45,349.68525,233.48,373.07,512.78,439.55,544.313437574,256.09675,979.505775,864.59,442.07,840.849,326.979025,582.0725,770.049,255.895,442.594775,488.265,303.575,349.275,326.979025,326.7925,418.68,418.43225625,419.175,419.204775,1859.095,629.2395,1028.04625,395.2225,326.904775,698.622,628.7775,303.302975,1516.957525,373.5221,372.32,883.1425,815.014,254.95,254.95,1073.48375,373.37,927.73175,1354.87943,1003.7798,559.2075,1332.585,654.02975,932.905775,769.832625,492.0555,325.24,350.07675,279.4125,256.885,932.73425,279.160875,302.585,232.79675,489.19425,629.001525,255.34,513.092,303.665,302.78725625,255.8125,257.4121,255.7225,326.904775,256.0225,466.632625,349.862625,373.16675,325.74175,256.914775,255.7225,467.908,699.49425,443.6525,350.0145,419.924025,1024.23975625,465.31,371.63,397.1056825,278.685,488.6925,418.9125,418.9125,255.295,255.295,371.8025,371.8025,301.985,605.4025
sumOfLogarithms,144.5,144.5,303.18963,258.50425,355.09,168.27,112.9025,180.559775,244.73,209.9,256.09675,126.352542465,474.951237,420.4599077,215.537519,406.502934278,159.1630447,281.864519,372.085696928,124.87,214.80683,236.38173,147.72116,169.8823557,159.1630447,159.2867257,204.5784267,203.847519,204.21297285,203.847519,891.72226,307.060144567,498.405688,194.254519,159.157519,337.797,305.4223557,144.44,730.447,178.04,181.4713634,425.26,395.46103,124.0012,124.0012,519.054068,180.54425,448.757,650.448698,485.044448,269.01,645.107823,315.887255,452.876237,373.898559,237.850921928,158.7323557,170.152296,137.02683,125.1021745,448.903838,134.547,147.3221,114.423308,236.097,302.877,124.3912,250.2044,148.130584528,147.42116,124.6912,121.99,125.550148,159.157519,126.2884267,226.6527814,171.268741905,181.8922514,160.092594968,124.0012,125.550148,225.877,340.646298,215.10683,170.29721295,204.5027814,496.4203,225.50683,181.89683,193.011811602,136.293348,239.02326,206.186619,206.186619,125.293348,125.293348,181.11683,181.11683,148.0323557,295.5103
kurtosis,551.9025,551.9025,1160.0365125,989.690355,1365.42525,643.35363,429.0615,688.326105,937.893065625,800.33625,979.505775,474.951237,1820.9123257,1602.17929383,815.50866,1548.12987985,602.863494407,1073.9277663,1417.12653163,473.88213,815.635599,899.604102,558.789340177,646.289532564,602.863494407,604.0489707,772.450038,772.8581034,771.827538,772.5771957,3414.428109,1167.28615395,1901.71073956,734.1132447,604.223435205,1290.49035,1162.3262097,550.875,2792.19645,681.722530594,691.193517831,1630.32983531,1501.827399,467.4024,467.4024,1980.51042556,687.32985,1710.594,2490.42085517,1854.87820517,1029.83691562,2470.998528,1203.745655,1734.67667742,1427.84784614,904.8419004,605.0741109,644.6085534,518.14566,472.07616,1717.75197711,509.7825,560.49135,430.359969,897.34012785,1152.3677595,468.0024,949.9389,559.91870571,559.534032502,470.5545,464.1,473.30442,604.223435205,476.3562447,863.55494505,648.595674,691.14638805,606.8884161,470.1604257,473.30442,856.4385,1301.14434914,816.15276,649.12716225,779.299361116,1899.669,854.518599,685.32366,732.2719437,513.91872,904.957308,780.1242447,780.1242447,471.91872,471.91872,685.38576,685.38576,558.596298,1123.8684
pooledMean,486.325,486.325,1022.324025,872.67035,1199.5055,567.4245,378.4585,607.204,825.637,706.45,864.59,420.4599077,1602.17929383,1421.78204294,722.33941,1369.09964918,532.646577463,947.395868385,1252.59655117,418.0565,720.40845235,793.86072,495.330679,570.243361457,532.646577463,533.833676781,683.980788,683.12489802,683.425788,682.050081855,3003.35642,1032.084741,1680.02179571,648.605288,533.450081855,1138.29,1025.34137309,485.9875,2464.4165,599.632,610.57458246,1435.196,1325.52775235,412.8524,412.8524,1747.92753571,606.754,1512.008275,2196.70375933,1636.68175933,907.5756,2183.63389019,1065.52799816,1528.17929383,1260.09081522,801.588176925,534.08582171,569.8156119,458.33991,418.85741,1513.18817521,451.0746,494.04925,381.293030456,795.3140625,1019.4601275,413.8424,840.7501,495.24626671,494.81182,416.9489,408.5,419.047808,533.450081855,421.301288,762.537468143,574.8333354,610.915130345,537.25463681,415.3499,419.047808,760.3145,1148.04982533,721.26691,573.793534903,688.458033173,1678.42625,754.23595235,605.59066,648.664526,454.4314044,800.61957,689.886288,689.886288,417.002708,417.002708,606.48016,606.48016,493.80926671,993.37565
add,250.0,250.0,519.714,443.53175,612.107,290.007,193.69,309.1555,422.107,363.4,442.07,215.537519,815.50866,722.33941,375.38822725,697.960149,272.82383,486.23662,638.6270745,213.59,373.649337087,406.2261,254.631127,292.00383,272.82383,273.76646,352.802894884,351.06456,351.864641767,351.06456,1534.30973,527.785719,856.36133,334.03646,273.64946,581.397,524.71083,248.935,1259.821625,306.88,311.73946,731.387,685.74023,213.6812,213.6812,893.20093,310.042,775.3231,1120.59553,834.39553,462.69,1108.18941,542.7847375,777.50866,642.61623,407.960712,272.58683,292.0782,235.64946,215.742541767,772.10383,231.552,251.797,195.6712,409.5942,523.578,214.7612,432.12346,253.5891745,253.9114,216.3644,210.59,216.6644,273.64946,216.4033034,389.28446,293.697296678,312.29383,274.053149,214.5944,216.6644,390.371,584.58366,371.50246,292.48683,350.93946,856.51346,389.312249,313.792249,331.0270745,234.0882,414.40503,354.98409,354.98409,214.6712,214.6712,315.0554557,315.0554557,253.91383,509.14046
cosineDistance,472.497,472.497,991.9316625,849.818619,1161.9471,549.0066,368.934,592.591089,801.8016,686.7,840.849,406.502934278,1548.12987985,1369.09964918,697.960149,1342.68968313,514.669938,917.704878,1225.54970134,406.15713,696.23946,771.700428,479.242248,552.100476,514.669938,515.890878,662.0317857,660.310878,662.4026934,660.310878,2945.031879,998.643215685,1624.9067004,628.6973034,515.9654034,1104.5481,998.851668,470.8575,2390.99433,582.36,589.441776,1392.03873,1282.03386,401.6982,401.6982,1691.1018114,591.8352,1471.6701,2125.48524642,1580.94587142,878.1615,2110.62312783,1035.8257897,1475.74362985,1216.45554733,780.183898403,514.647198,550.89666,444.02946,404.963838,1462.9211814,437.7645,480.238875,367.87536,767.811,986.544,400.8912,811.8258,481.229072614,477.592248,402.2712,397.8,404.20116,515.9654034,407.76127671,736.522776,555.6490494,589.899498,517.955772278,400.8912,404.20116,733.071,1107.36764442,697.02246,554.614068,664.402776,1619.3325,732.53946,587.15946,629.730331921,439.91136,773.961348,667.6985034,667.6985034,403.49436,403.49436,586.02246,586.02246,478.288938,962.2446
manhattanDistance,184.49,184.49,385.494,328.3975,454.204,214.6791,142.9025,228.9095,313.097,267.95,326.979025,159.1630447,602.863494407,532.646577463,272.82383,514.669938,202.638442271,358.99432901,471.318519,157.87,273.21248771,300.09873,187.13816,215.742839703,202.638442271,202.485778601,258.864519,258.716986351,258.564519,259.253480703,1132.39651,388.291782937,632.56362502,245.164519,202.563480703,428.955,387.622356301,184.82,928.951,228.137,230.54777401,541.4335,501.9209257,157.0012,157.0012,659.29098002,229.5095,569.477,827.855474255,616.512449255,342.0825,818.1626847,400.20548,574.788494407,474.23187735,301.144269,201.098206855,216.4420044,173.32683,158.03683,572.299154855,171.2721,186.56,144.423308,299.307,384.237,157.7812,316.4144,187.48361771,187.21241,158.0812,155.89,158.550148,202.563480703,159.157519,288.333131921,216.2027814,231.053329611,202.118741905,158.1982,158.550148,286.087,432.250323855,272.61683,215.67146295,260.173554479,629.738725,287.0837257,230.31383,244.350028,172.7220444,302.61516,260.478519,260.478519,158.293348,158.293348,229.50683,229.50683,187.46111771,373.8952
chebyshevDistance,331.0291,331.0291,685.977,585.3425,809.651,382.377,254.575,407.227,557.797,478.69,582.0725,281.864519,1073.9277663,947.395868385,486.23662,917.704878,358.99432901,644.494433623,839.956989,280.97,487.2600934,535.67763,332.53561,383.8275267,358.99432901,360.45916571,460.422249,460.524872603,460.054749,461.44600671,2021.819519,692.754417,1127.27236151,437.514149,360.33090671,766.32,691.59258801,328.5925,1660.436648,406.384,410.40888955,966.7925,898.3351334,280.283348,280.283348,1174.78695901,408.127,1021.6171,1473.61792343,1097.50792343,610.072275,1457.8530957,711.75313,1023.9277663,844.80945318,534.849489,357.98252285,383.82516,308.36946,280.90196,1019.4816576,303.6195,332.65,255.50116,534.54663,685.998,280.5044,565.622938,332.131519,332.80636,281.75756,278.09,282.78752,360.33090671,283.200149,513.69594701,384.630378,411.31258801,359.43588185,280.8944,282.78752,508.574,769.978447927,486.600838,384.698019,462.72768801,1127.17871,512.877186775,410.59909,433.476989,306.86136,540.01536,464.795349,464.795349,281.44436,281.44436,409.304149,409.304149,333.407149,668.86046
tanimotoDistance,432.747,432.747,908.6831625,777.938619,1065.1971,502.6566,337.734,542.284089,734.7516,630.735,770.049,372.085696928,1417.12653163,1252.59655117,638.6270745,1225.54970134,471.318519,839.956989,1122.55435677,371.80713,637.12173,706.945854,438.736989,505.430838,471.318519,472.204989,606.17544285,604.669989,606.3308967,604.669989,2690.951169,913.54492083,1486.87234305,574.9034667,472.3235667,1011.6996,912.995619,431.8575,2188.37373,533.67,539.338938,1275.30873,1172.71893,368.2812,368.2812,1547.6740857,541.8552,1347.8916,1946.72361771,1447.24424271,804.0615,1931.8208372,948.954884524,1350.74028163,1113.58737201,713.955438383,470.983149,504.63903,406.34673,370.495419,1339.5604557,401.4645,439.440375,336.96273,703.566,904.059,367.8291,742.6764,440.591321911,437.386989,368.6691,364.5,370.29663,472.3235667,373.053953355,673.969938,507.9645747,539.740449,473.637115928,367.2891,370.29663,671.676,1013.28736671,637.49973,507.359334,607.849938,1481.43825,670.98873,537.97173,576.346262911,403.92873,707.716539,610.3801167,610.3801167,370.51173,370.51173,536.20473,536.20473,438.867519,879.85035
sum,145.07,145.07,305.746989,261.0556,355.927,169.7712,114.373783286,182.56913,246.62363,210.2,255.895,124.87,473.88213,418.0565,213.59,406.15713,157.87,280.97,371.80713,127.82378038,213.29,235.914,146.909,168.63,157.87,158.38,202.98,202.68,202.83,202.68,892.435,304.7265,497.5435,193.477,158.614,341.390148,305.574,145.2221,735.913648,179.354,180.38,430.223248,393.124,122.5,122.5,517.391,182.6405,451.127,648.24995,483.60245,272.239688979,644.3085,315.52463,451.80713,372.3165,237.009,157.48,168.87,136.587,123.55,450.9992,135.7542,149.8493,113.087,236.9991,301.77,122.5,249.167,146.8025,146.714,122.89,121.6,123.97,158.614,125.614,225.67,169.92,180.77,158.77,122.5,123.97,224.977,339.6012,214.76663,169.63425,203.85,497.84416,223.99,179.99,192.0265,134.58,237.414,205.404,205.404,123.58,123.58,179.39,179.39,146.48,296.74363
dec,250.69,250.69,520.047,443.6525,614.054,290.664,193.54,308.947,423.457,363.25,442.594775,214.80683,815.635599,720.40845235,373.649337087,696.23946,273.21248771,487.2600934,637.12173,213.29,374.00822725,406.2261,253.5439,292.134519,273.21248771,273.8203034,351.06456,350.852141767,350.69706,351.422894884,1533.13898,527.02199625,856.1005007,333.22946,274.007794884,581.055,524.4637257,249.43,1258.7186,308.287,312.0854935,732.9935,686.6001257,213.3812,213.3812,892.6898257,309.847,772.984,1120.66977617,834.484776175,463.4625,1106.072349,540.7486,777.635599,642.1458045,406.59423,272.6521745,292.0782,234.84246,214.57496,774.181476175,231.057,251.77,195.0712,407.2821,521.931,214.4612,430.62646,253.07383,253.618627,215.6744,211.19,215.9744,274.007794884,215.54246,389.7393557,292.64496,312.4637257,273.5378045,214.763348,215.9744,387.35,585.286650675,371.02246,292.41108,351.52311771,855.5304875,389.8721447,313.492249,329.82173,233.7882,413.5524,354.13146,354.13146,214.3712,214.3712,314.3654557,314.3654557,253.61383,507.78083
errorRate,276.924,276.924,577.2441,492.207,679.0221,321.14463,213.9321,344.3541,468.59463,402.45,488.265,236.38173,899.604102,793.86072,406.2261,771.700428,300.09873,535.67763,706.945854,235.914,406.2261,455.41035668,278.31191001,322.22634,300.09873,300.27363,384.57363,384.42363,384.42363,384.57363,1705.37864917,581.5754244,944.91193332,364.964889,300.45191001,642.084,580.05873,275.34,1390.9131,340.425,344.30136,811.5441,749.7363,235.0731,235.0731,984.68638332,343.58463,857.9541,1233.716838,918.977463,512.8521,1221.19896132,598.720854,857.748477,706.6900134,450.840090813,300.8137545,321.447519,257.9091,234.6891,853.76065332,255.447,278.787,214.39173,447.207,576.858045,234.8391,472.815,279.162495,278.380241507,235.5291,232.245,236.25663,300.45191001,236.7233667,429.20136,322.28436,343.76136,301.58436,234.37473,236.25663,426.477,645.6081525,405.7641,321.91776,387.29136,942.1368,428.0601,342.8361,365.424746313,258.52626,452.26211001,388.62701001,388.62701001,237.10926,237.10926,342.3342,342.3342,280.51626,559.01763
scale,170.695,170.695,356.7291,305.1995,419.7821,198.60963,133.2721,212.5891,289.45963,248.95,303.575,147.72116,558.789340177,495.330679,254.631127,479.242248,187.13816,332.53561,438.736989,146.909,253.5439,278.31191001,175.854964571,199.68816,187.13816,187.89386,241.671087,240.58386,241.765308,240.58386,1051.9016,360.3900444,587.142989015,228.585848,188.07315332,398.877,359.97066,170.98,864.28535,210.19,213.28816,501.4691,465.5684,146.1512,146.1512,612.563248015,213.49963,530.7541,768.60663685,571.93413685,316.5171,761.284714718,373.799021177,532.789340177,440.666774303,281.03291001,186.27116,200.43816,161.8269,148.238348,528.865784817,159.387,173.047,134.1893395,279.60642975,357.979275,146.9312,295.158475,174.13816,174.47315332,147.604175,144.29,148.034135,188.07315332,148.6445444,266.87816,201.45066,213.73816,187.32116,146.8469,148.034135,267.17855,400.07663685,253.605925,200.547519,240.42816,585.3632,266.2382,214.3282,227.40691001,160.38816,282.13315332,242.74315332,242.74315332,146.97116,146.97116,213.894175,213.894175,173.98816,348.35333
eucleadianDistance,197.1,197.1,413.079,352.332,486.59390625,229.497,153.03,245.772,335.8791,286.8,349.275,169.8823557,646.289532564,570.243361457,292.00383,552.100476,215.742839703,383.8275267,505.430838,168.63,292.134519,322.22634,199.68816,233.312647674,215.742839703,215.756480703,275.874519,275.78997285,275.724519,276.0054267,1217.0400615,417.795318,677.1497457,261.864519,215.7054267,458.6685,414.429089703,196.89,993.822,244.877889,247.87190101,581.2679325,539.149449,167.7012,167.7012,706.2424332,245.877,610.377,885.10902735,659.25027735,367.3521,876.31654971,428.74632,615.97623087,507.478434855,322.985838,216.274112355,230.7720444,185.02683,168.58683,611.87960235,182.7321,199.32,154.143348,319.824,411.027,168.3912,338.7924,200.89180671,199.68816,169.1712,165.9,169.640148,215.7054267,169.857519,309.266068413,231.9980814,247.709068413,216.763932555,168.3912,169.640148,304.92,464.388361456,291.10683,231.8281587,278.204068413,674.69745,306.354519,245.92383,261.655149,184.8720444,324.87516,278.958519,278.958519,169.443348,169.443348,245.98683,245.98683,200.61111771,400.5732
distance1,184.49,184.49,385.494,328.3975,454.204,214.6791,142.9025,228.9095,313.097,267.95,326.979025,159.1630447,602.863494407,532.646577463,272.82383,514.669938,202.638442271,358.99432901,471.318519,157.87,273.21248771,300.09873,187.13816,215.742839703,202.638442271,202.485778601,258.864519,258.716986351,258.564519,259.253480703,1132.39651,388.291782937,632.56362502,245.164519,202.563480703,428.955,387.622356301,184.82,928.951,228.137,230.54777401,541.4335,501.9209257,157.0012,157.0012,659.29098002,229.5095,569.477,827.855474255,616.512449255,342.0825,818.1626847,400.20548,574.788494407,474.23187735,301.144269,201.098206855,216.4420044,173.32683,158.03683,572.299154855,171.2721,186.56,144.423308,299.307,384.237,157.7812,316.4144,187.48361771,187.21241,158.0812,155.89,158.550148,202.563480703,159.157519,288.333131921,216.2027814,231.053329611,202.118741905,158.1982,158.550148,286.087,432.250323855,272.61683,215.67146295,260.173554479,629.738725,287.0837257,230.31383,244.350028,172.7220444,302.61516,260.478519,260.478519,158.293348,158.293348,229.50683,229.50683,187.46111771,373.8952
distanceInf,184.49,184.49,385.827,329.34925,454.354,214.737,143.33,229.382,313.247,267.95,326.7925,159.2867257,604.0489707,533.833676781,273.76646,515.890878,202.485778601,360.45916571,472.204989,158.38,273.8203034,300.27363,187.89386,215.756480703,202.485778601,203.838442271,260.107149,259.698340103,259.674399,260.16127671,1132.74898,388.378494,634.38595651,246.630838,203.47127671,431.4,389.321566199,184.43,932.2465,227.987,231.00862051,542.7835,502.8209257,157.0012,157.0012,660.57832901,230.282,572.1161,827.576490927,616.974990927,342.19425,821.514521887,401.09288,576.0489707,475.79035785,301.639239,201.262212355,216.7209444,174.493149,158.54671,572.776986351,171.1821,187.46,144.160148,300.0291,385.134,157.7812,317.95946,187.52048771,187.89386,158.2144,155.89,158.983348,203.47127671,160.323838,289.091209509,216.6075534,231.643200707,202.538790055,158.2144,158.983348,286.267,432.897465428,273.55946,216.3209757,260.617421911,633.063019,287.6837257,230.91383,244.514989,172.5888444,303.77832,262.244838,262.244838,158.160148,158.160148,229.94246,229.94246,187.62548771,376.441519
ebeAdd,236.1,236.1,493.404,421.13175,580.407,274.197,183.78,293.5455,399.897,344.7,418.68,204.5784267,772.450038,683.980788,352.802894884,662.0317857,258.864519,460.422249,606.17544285,202.98,351.06456,384.57363,241.671087,275.874519,258.864519,260.107149,336.311776067,334.573008595,335.373275983,334.573008595,1454.12973,497.6796267,811.057119,316.987149,259.990149,552.387,497.961519,236.235,1193.711625,290.88,294.910878,693.177,644.44803,202.2912,202.2912,845.989149,294.732,734.4231,1060.506219,789.606219,437.37,1051.630788,515.3322675,736.450038,609.126879,387.20908035,257.457519,277.11816,223.85946,204.352541767,731.154519,219.942,239.697,185.41116,386.8242,495.654,203.4612,408.32946,240.62997285,240.95136,203.8944,200.28,204.62436,259.990149,205.74427671,368.755878,277.868845351,295.464519,259.2247857,202.9044,204.62436,369.471,552.794349,350.82246,276.657519,332.410878,810.26346,368.96646,297.56346,313.97544285,221.82816,389.79099,336.046779,336.046779,203.41116,203.41116,296.01246,296.01246,240.954519,482.09046
ebeDivide,236.2725,236.2725,493.887,420.735,581.40375,274.57125,183.63,293.337,400.797,344.7,418.43225625,203.847519,772.8581034,683.12489802,351.06456,660.310878,258.716986351,460.524872603,604.669989,202.68,350.852141767,384.42363,240.58386,275.78997285,258.716986351,259.698340103,334.573008595,334.931776067,334.205508595,334.360775983,1453.24173,497.404584,810.936490927,316.180149,259.777862916,551.85,497.252290928,236.2125,1191.078525,291.561,295.25723955,694.884,644.695676175,201.9912,201.9912,844.957420927,294.537,732.084,1059.94042401,789.27292401,438.36,1050.6603534,513.29613,736.8581034,609.2197467,385.842489,257.8884267,276.75066,223.05246,203.18496,732.95969901,219.447,239.475,184.81116,384.3621,494.007,203.1612,406.68246,240.114519,241.120308,203.2044,200.58,203.93436,259.777862916,204.883149,368.553649928,276.816378,295.172290928,258.9247857,202.611627,203.93436,366.3,553.65771801,350.04246,277.014519,332.653345351,810.47346,369.064106175,297.26346,312.769989,221.52816,388.93836,335.194149,335.194149,203.11116,203.11116,295.32246,295.32246,240.654519,480.58083
ebeMultiply,235.95,235.95,493.0455,421.6095,580.257,274.047,183.93,293.754,399.897,344.55,419.175,204.21297285,771.827538,683.425788,351.864641767,662.4026934,258.564519,460.054749,606.3308967,202.83,350.69706,384.42363,241.765308,275.724519,258.564519,259.674399,335.373275983,334.205508595,335.576776067,334.205508595,1454.10723,497.31417285,810.577869,316.554399,259.622649,551.7285,497.378769,236.28,1192.77675,290.88,294.760878,693.327,644.29803,202.1412,202.1412,845.787399,294.927,733.193025,1060.438719,789.156219,437.22,1051.030788,515.47818,735.827538,608.436879,387.7429467,257.307519,276.77316,223.42671,204.555794884,730.854519,219.987,239.4885,185.11116,385.435125,494.55375,203.3112,407.37921,240.6954267,240.58386,203.5269,200.28,204.25686,259.622649,205.281340103,368.650878,278.105339703,295.119519,258.85933185,202.5369,204.25686,367.72275,552.344349,350.25996,276.657519,332.110878,808.8842625,368.81646,297.41346,313.6958967,221.67816,389.3327925,335.5885815,335.5885815,203.26116,203.26116,295.64496,295.64496,240.804519,481.2287625
ebeSubtract,236.79,236.79,493.737,421.2525,582.354,274.854,183.63,293.337,401.247,344.55,419.204775,203.847519,772.5771957,682.050081855,351.06456,660.310878,259.253480703,461.44600671,604.669989,202.68,351.422894884,384.57363,240.58386,276.0054267,259.253480703,260.16127671,334.573008595,334.360775983,334.205508595,334.931776067,1452.95898,496.91568525,810.79657401,316.180149,260.348793782,552.045,497.71469901,236.73,1192.6086,292.287,295.25723955,694.7835,645.3079257,201.9912,201.9912,845.47832901,294.537,732.084,1060.58059093,789.695590928,438.1425,1049.5139457,513.29613,736.5771957,608.65656285,385.842489,257.52297285,277.11816,223.05246,203.18496,733.232290928,219.447,239.67,184.81116,384.5121,494.007,203.1612,406.83246,240.114519,240.658587,203.2044,200.88,203.93436,260.348793782,204.883149,369.21105801,276.816378,295.63469901,258.70933185,203.073348,203.93436,366.45,553.497465428,350.34246,276.581769,332.994839703,809.2804875,369.5263557,297.26346,312.769989,221.52816,388.93836,335.194149,335.194149,203.11116,203.11116,295.32246,295.32246,240.654519,480.73083
safeNorm,1047.296,1047.296,2191.04315625,1871.9224,2586.186025,1212.2175,812.06,1303.759625,1776.231875,1525.985,1859.095,891.72226,3414.428109,3003.35642,1534.30973,2945.031879,1132.39651,2021.819519,2690.951169,892.435,1533.13898,1705.37864917,1051.9016,1217.0400615,1132.39651,1132.74898,1454.12973,1453.24173,1454.10723,1452.95898,6608.07556374,2194.71648,3572.00131,1377.17173,1133.19898,2431.30209,2206.97270887,1044.6425,5271.82423225,1290.224375,1295.956145,3077.345965,2824.91071,888.18673,888.18673,3730.114535,1299.5225,3239.462,4691.34737315,3485.12450128,1944.541875,4635.140298,2273.17373,3250.664609,2677.213749,1709.667519,1134.17371,1212.2967,973.19973,889.00723,3235.72946,967.47,1053.89255,809.2292,1692.792,2181.507,885.2242,1782.20921,1055.185019,1050.8291,886.2592,883.99,888.6592,1133.19898,892.52473,1620.8902075,1217.14302,1295.94671,1135.41052,885.2716,888.6592,1615.885,2438.09607921,1535.85473,1218.079245,1459.05177,3562.95583,1614.789769,1291.15226,1382.00476,970.2318,1702.17702,1462.405368,1462.405368,890.2318,890.2318,1292.076368,1292.076368,1052.77229,2109.68383
entropy,356.5797,356.5797,743.80113,634.42575,871.87875,413.59685625,276.2946,442.685775,601.4721,515.79,629.2395,307.060144567,1167.28615395,1032.084741,527.785719,998.643215685,388.291782937,692.754417,913.54492083,304.7265,527.02199625,581.5754244,360.3900444,417.795318,388.291782937,388.378494,497.6796267,497.404584,497.31417285,496.91568525,2194.71648,758.445143783,1224.39900711,474.1849257,388.48365396,827.889,748.137324,353.5575,1794.837225,437.301,445.467498,1045.7835,974.9730267,303.893445669,303.893445669,1273.41852711,441.88335,1105.85046,1599.23257395,1191.98444895,662.0646,1584.31200381,774.124221,1112.97490395,917.37394911,582.899919158,390.130209,415.092708,333.94803,305.0933745,1102.55822211,328.065,359.7366,278.44122,579.378,742.8261,303.4356,614.0178,361.674688103,360.3885444,305.7456,298.2,307.16556,388.48365396,307.197680703,555.835551,419.5667037,446.1797577,392.059627341,303.200775,307.16556,552.3195,838.1130027,526.96803,419.08348125,501.551820937,1222.31025,552.428901,443.780178,472.176790831,333.17196,587.2461444,504.01578771,504.01578771,306.17196,306.17196,444.31503,444.31503,361.600749,725.2758
g,578.9195,578.9195,1214.92335,1037.7706,1426.73545,674.63163,450.3866,722.9927,983.10413,840.68,1028.04625,498.405688,1901.71073956,1680.02179571,856.36133,1624.9067004,632.56362502,1127.27236151,1486.87234305,497.5435,856.1005007,944.91193332,587.142989015,677.1497457,632.56362502,634.38595651,811.057119,810.936490927,810.577869,810.79657401,3572.00131,1224.39900711,2002.38860285,771.1268557,634.593818109,1355.55075,1220.24284896,577.7405,2930.65285,714.395,724.31625305,1708.6996,1579.44629131,490.2382,490.2382,2079.40025334,722.51876,1799.922725,2606.21800148,1941.94262648,1079.0886,2586.24562964,1263.01294226,1813.24948956,1495.09405841,949.957012563,632.45032735,676.40892,544.61733,495.81508,1799.37153278,535.458,588.37475,451.325438,941.57913,1209.0711,491.2732,998.21,587.679638,587.39958332,494.0953,487.07425,496.75036,634.593818109,500.41861771,905.703129866,680.889833955,725.28987752,636.1282537,493.0807,496.75036,899.629489,1363.09211298,856.97168,680.777109375,817.20826302,1991.66245,896.9805007,719.47583,769.082022013,539.54046,950.84758332,820.088246313,820.088246313,495.12346,495.12346,719.58593,719.58593,586.649249,1181.18083
calculateAbsoluteDifferences,224.0,224.0,467.727,399.624775,547.63,260.097,174.947,278.852,377.897,324.8,395.2225,194.254519,734.1132447,648.605288,334.03646,628.6973034,245.164519,437.514149,574.9034667,193.477,333.22946,364.964889,228.585848,261.864519,245.164519,246.630838,316.987149,316.180149,316.554399,316.180149,1377.17173,474.1849257,771.1268557,304.926427954,246.7193557,525.207,473.246619,222.35,1133.3635,275.18,280.317878,659.047,617.15713,191.9812,191.9812,803.2436147,279.82355,696.94763,1003.7649257,749.1099257,415.587,997.4137014,487.174139,700.1132447,578.4130857,366.3577167,244.864519,262.00116,212.97615801,193.34371,693.5637257,206.94,228.53,175.71116,365.5191,468.474,192.8782,389.134349,228.059519,228.263348,193.3114,189.58,194.64136,246.7193557,195.8500447,349.967878,263.992128,280.454519,246.707878,191.5144,194.64136,347.677,526.8775557,333.52946,263.4705267,316.0738857,771.9136267,350.39383,283.17383,296.9334667,210.10116,372.243408,320.8680447,320.8680447,193.10116,193.10116,281.02946,281.02946,228.464519,459.8236267
calculateDifferences,184.49,184.49,386.0691,329.5495,454.4791,215.01663,143.4821,229.5791,313.40963,267.95,326.904775,159.157519,604.223435205,533.450081855,273.64946,515.9654034,202.563480703,360.33090671,472.3235667,158.614,274.007794884,300.45191001,188.07315332,215.7054267,202.563480703,203.47127671,259.990149,259.777862916,259.622649,260.348793782,1133.19898,388.48365396,634.593818109,246.7193557,203.838513786,431.742,389.29469901,184.43,933.0007,227.987,230.95723955,543.2056,502.8209257,157.0012,157.0012,660.796302109,230.48963,572.0891,828.316835353,617.431835353,342.2946,821.222828117,401.249489,576.223435205,475.834574207,301.721073003,201.22297285,216.42816,174.54246,158.49496,572.811940236,171.147,187.577,144.12116,299.9121,385.017,157.7812,318.02246,187.424519,188.14788032,158.2144,155.89,158.94436,203.838513786,160.36111771,288.91105801,216.516378,231.33469901,202.40933185,158.383348,158.94436,286.15,433.233709853,273.35246,216.371769,260.784839703,632.9774875,287.6837257,230.91383,244.648573003,172.53816,303.82765332,262.293746313,262.293746313,158.12116,158.12116,229.94246,229.94246,187.574519,376.47346
computeDividedDifference,394.374,394.374,828.7749042,708.6702,973.72425,459.552,307.557,492.8646,670.71138,574.14,698.622,337.797,1290.49035,1138.29,581.397,1104.5481,428.955,766.32,1011.6996,341.390148,581.055,642.084,398.877,458.6685,428.955,431.4,552.387,551.85,551.7285,552.045,2431.30209,827.889,1355.55075,525.207,431.742,935.12691728,831.8982,393.8025,2008.16189364,487.2885,491.757,1169.35540332,1070.4261,332.79,332.79,1411.493025,493.752,1229.511,1768.59304875,1317.4199175,734.76216,1757.27325,859.2261,1230.34035,1014.883725,644.3505,428.2425,459.03,371.181,335.8485,1224.0912,365.9946,403.848,305.19,642.888,824.2911,333.09,678.351,397.7385,398.967,333.99,331.5,336.18,431.742,340.584,615.419775,461.1285,491.7,430.977,333.795,336.18,611.877,923.99073,581.5542,461.13,554.895,1357.6983225,610.2,488.97,521.4255,365.58,644.964,557.754,557.754,335.28,335.28,487.68,487.68,398.07,806.00673
computeCanberraDistance,355.47,355.47,744.67935,636.18155475,876.009,413.397,276.54,443.916,602.75325,515.55,628.7775,305.4223557,1162.3262097,1025.34137309,524.71083,998.851668,387.622356301,691.59258801,912.995619,305.574,524.4637257,580.05873,359.97066,414.429089703,387.622356301,389.321566199,497.961519,497.252290928,497.378769,497.71469901,2206.97270887,748.137324,1220.24284896,473.246619,389.29469901,831.8982,754.948948683,353.88,1798.0908,437.72325,443.563647035,1047.21795,965.0809257,301.8912,301.8912,1271.37103671,443.8755,1104.7131,1591.6668401,1186.2318401,660.1905,1580.1783672,772.60698,1107.9512097,913.55315235,581.231769,387.129005205,414.8190444,334.67346,303.45108,1102.06305193,328.8321,361.254,276.393348,576.084,741.324,301.6812,610.25103,359.80611771,359.82066,302.3712,299.49,304.040148,389.29469901,307.134519,554.555282819,416.0956134,443.941209509,388.877214555,302.0712,304.040148,549.657,832.731859102,524.68683,415.7087907,500.126429611,1217.6028,551.7637257,442.00383,470.907519,330.8220444,583.40616,503.145519,503.145519,303.393348,303.393348,441.10383,441.10383,359.76111771,723.6813
evaluateHoners,172.69963,172.69963,355.56,303.0695,422.834,198.087,131.379775,210.0025,290.665,250.581775,303.302975,144.44,550.875,485.9875,248.935,470.8575,184.82,328.5925,431.8575,145.2221,249.43,275.34,170.98,196.89,184.82,184.43,236.235,236.2125,236.28,236.73,1044.6425,353.5575,577.7405,222.35,184.43,393.8025,353.88,175.300248881,856.29542975,213.70191001,210.04,500.3966,458.5295,144.2225,144.2225,604.4905,210.7195,524.875,762.212125,565.292125,316.2645,747.9525,367.18675,524.8,433.095,275.43675,183.35,198.12,157.44,144.59,528.1765,160.080200985,172.3642,131.44,278.2971,355.544325,144.6125,288.5725,170.7625,170.9125,144.6125,144.5,144.2225,184.43,144.05,263.537,196.707,210.52,183.44,145.43,144.2225,264.31775,394.2195,249.55,196.245,236.82,577.2125,263.2025,209.9125,223.061,157.7625,274.74,235.44,235.44,144.3725,144.3725,209.44,209.44,170.7625,340.8125
evaluateInternal,859.84916,859.84916,1791.80545752,1532.78983,2114.11495,997.1073,664.8083,1064.07173,1453.23839,1243.52,1516.957525,730.447,2792.19645,2464.4165,1259.821625,2390.99433,928.951,1660.436648,2188.37373,735.913648,1258.7186,1390.9131,864.28535,993.822,928.951,932.2465,1193.711625,1191.078525,1192.77675,1192.6086,5271.82423225,1794.837225,2930.65285,1133.3635,933.0007,2008.16189364,1798.0908,856.29542975,4354.21077547,1057.694,1064.042,2527.35843639,2319.9343,722.614,722.614,3059.6327375,1065.50123,2662.65905,3839.4645275,2856.1835525,1592.97462,3798.9231,1858.712105,2661.52145,2194.3455,1394.819475,927.901,994.3521,800.5926,729.28975,2650.59578,792.70662975,870.4274,661.55,1397.40375,1786.089,722.08,1469.3591,860.738,862.593875,725.8825,717.7,729.0625,933.0007,734.4535,1332.5288875,999.114,1064.324,932.107,725.9146,729.0625,1331.197,1999.12611,1260.63653,997.121775,1199.8815,2937.38137675,1322.066989,1057.157,1128.6496,791.577,1396.88613,1203.5256,1203.5256,725.86,725.86,1057.4525,1057.4525,860.447,1740.466738
