sum,128.605000397,222.16,223.92,190.56,254.28,300.96,166.6,210.2,144.48,178.56,111.64,233.96,180.168,134.56,123.56,270.19958057,245.768,301.728,167.36,144.2,133.6,123.56,143.4,122.2,276.2,156.56,122.6,113.344,188.2,143.8,123.56,145.56,299.96,156.56,234.64,143.96,156.56,244.4,233.0,122.8,143.4,122.6,199.6,336.344,199.6,199.4,232.2,133.36,178.16,122.6,178.84,257.408,122.6,199.2,176.6,167.56,201.12,199.6,146.0,168.256,156.16,156.56
find_euc_dist,222.16,415.416631296,403.32,347.050816,462.2,550.99296,302.56,384.8576,264.2176,328.151448064,201.16,426.95104,325.304,245.4965504,224.830976,485.08,445.72,545.52,309.41978112,264.0576,244.6176,224.830976,261.2,223.2576,508.297216,287.839448064,222.8576,204.830976,343.2576,260.96,224.830976,266.59862016,548.539448064,285.350976,428.050816,262.0,285.490816,448.8064,424.8576,225.30304,261.2,222.8576,365.14304,612.35424,365.02304,365.30304,421.48,241.6,329.270436864,223.8176,323.56,466.72,224.2176,365.360128,325.144,307.0965504,368.594622464,365.14304,266.79862016,305.646912,287.175512064,287.839448064
find_max2,223.92,403.32,424.070296166,347.4736,464.056,544.84,300.8,382.16,263.48,322.72,201.64,423.12,322.2,242.72,222.72,484.52,441.4,545.72,304.056,262.16,242.16,222.72,263.36,222.16,502.96,283.12,224.56,205.104,342.16,260.8,222.72,263.12,543.92,282.32,428.1456,263.552,282.32,445.94304,423.36,223.896,262.4,225.68,363.76,607.224,365.344,363.896,430.2976,244.632,322.72,222.16,322.92,465.7584,222.16,362.56,321.4,302.72,362.72,362.96,264.44,303.176,282.56,283.12
weighted_average,190.56,347.050816,347.4736,302.160866611,395.77376,469.8037504,257.76,325.544,224.8576,279.050816,172.76,366.620941824,278.65344,209.95104,192.32704,414.12,378.76,466.0544,261.9067264,224.2576,207.8176,192.32704,221.6,189.8576,429.34304,244.650816,190.4576,176.22688,291.8576,221.6,192.32704,227.650816,466.050816,243.72704,371.593428173,223.112,243.72704,380.8064,361.4576,191.817216,221.6,190.4576,310.34304,523.982016,310.680128,310.817216,359.4,206.912,278.650816,190.8176,278.408,398.504,190.8176,309.94304,274.4,261.35104,313.050816,310.34304,229.44269056,261.0272,243.790976,244.650816
quantile,254.28,462.2,464.056,395.77376,547.728026726,623.8,346.96,438.6,301.36,369.4,232.72,485.4,371.2,277.2,253.8,556.28,510.36,626.44,347.2,300.4,276.6,253.8,300.76,253.6,576.16,323.2,253.4,231.28,392.0,300.4,253.8,300.2,623.2,323.0,490.176,302.112,323.2,507.4,484.56,254.4,300.76,253.4,415.16,694.68,415.76,416.36,486.2,277.928,369.4,253.8,372.48,535.08,253.6,415.4,371.584,347.0,415.4,415.16,302.12,347.52,322.8,323.2
entropy,300.96,550.99296,544.84,469.8037504,623.8,760.515801805,408.648,520.8752,357.9152,441.23424,272.56,578.9336704,438.8176,332.83424,306.88384,656.88,598.92,737.6,415.99296,357.9152,331.60064,305.83424,351.0,305.274816,681.9152,387.32224,303.5152,278.83424,465.9152,354.384,306.07424,360.88384,739.03424,387.23424,578.8635904,352.0,389.466570854,606.512,576.4752,303.5152,351.0,303.5152,495.4752,830.956416,492.9152,492.9152,569.56,326.6,443.88864,303.1152,437.824,626.16,303.5152,492.9152,433.96,414.07424,497.21088,495.4752,360.89408,415.80768,385.73504,387.32224
meanDeviation,166.6,302.56,300.8,257.76,346.96,408.648,235.165141709,285.4,196.36,243.52,154.5349504,318.36,244.024,181.76,166.36,368.400576,335.89344,410.08,226.36,196.56,180.8,166.36,197.384,165.8,378.68,213.5936,165.8,151.36,255.4,196.984,166.92,196.76,409.08,212.92,317.96,197.32,212.72,331.2,319.48,165.4,197.784,165.4,272.32,456.52,271.36,271.36,316.76,181.6,242.72,165.8,246.75104,348.984,166.2,271.56,243.944,228.12,274.9536,273.12,196.96,227.16,212.72,213.5936
insertion_sort,210.2,384.8576,382.16,325.544,438.6,520.8752,285.4,378.086333952,251.3072,306.544,190.4,401.544,305.2,231.2576,212.2576,457.2,419.2,513.8,289.0576,251.3072,232.96704,212.2576,247.8,213.8672,478.9072,269.2576,212.2576,193.2576,327.3072,248.76,212.2576,250.2576,516.6576,268.544,401.544,247.8,269.904,425.488,405.0672,213.56704,247.8,212.2576,347.6672,575.488,346.3072,346.3072,402.52,229.6,308.0576,212.51744,304.4,438.6,213.56704,346.3072,304.8,288.2576,345.2576,347.6672,250.2576,288.2576,269.2576,269.2576
scale,144.48,264.2176,263.48,224.8576,301.36,357.9152,196.36,251.3072,177.772354662,211.2576,131.2,276.2576,210.4,159.9712,146.5712,313.88,288.56,354.184,199.4416,175.91860992,161.0464,146.5712,169.6,149.6517248,330.2064,185.9712,147.44128,133.91392,226.584512,171.384,146.5712,172.9712,355.5712,184.8576,277.4576,170.16,185.6576,292.6912,281.51860992,148.584512,169.6,147.44128,242.27860992,396.05792,240.478528,241.214592,275.68,157.96,211.6576,146.9712,209.76,301.56,147.6464,239.87648,209.36,199.3712,237.2576,242.27860992,173.3712,198.54304,185.9712,185.9712
meanDifference,178.56,328.151448064,322.72,279.050816,369.4,441.23424,243.52,306.544,211.2576,266.837105869,161.56,342.95104,260.904,197.4965504,180.830976,389.816,357.496,438.12,245.5323904,211.4576,195.8176,180.830976,208.4,178.8576,405.577216,230.879448064,178.8576,164.830976,274.8576,208.4,180.830976,214.19862016,439.612235264,232.24460032,343.650816,209.2,231.638718464,358.4064,340.4576,179.94304,208.4,178.8576,292.34304,495.6838272,291.94304,291.94304,336.4,193.6,262.879448064,179.8176,259.96,372.736,179.8176,292.280128,259.1344,246.2965504,296.463448064,292.34304,214.39862016,245.466176,230.215512064,230.879448064
product,111.64,201.16,201.64,172.76,232.72,272.56,154.5349504,190.4,131.2,161.56,106.774202778,212.16,162.584,121.16,111.16,246.27904,222.8336,272.6,151.56,130.8,120.4,111.16,132.808,110.8,250.8,141.16,111.08,101.4,170.4,132.264,111.16,131.16,272.12,141.56,213.88,131.9344,141.56,220.8,213.12,110.8,133.288,110.6,181.76,304.4,181.0,181.2,212.16,120.84,161.16,110.4,165.94944,233.944,110.4,180.8,162.664,151.16,181.56,182.56,132.12,152.32,140.96,141.16
errorRate,233.96,426.95104,423.12,366.620941824,485.4,578.9336704,318.36,401.544,276.2576,342.95104,212.16,461.734559232,342.97344,258.15104,238.54688,510.0,466.84,573.6,320.92704,276.2576,255.8176,236.52704,274.2,233.8576,529.0576,300.55104,233.8576,215.52704,359.8576,273.8,236.52704,281.57088,575.15104,299.92704,451.558029824,274.2,299.92704,468.256,446.7568,234.6576,273.4,233.8576,382.7072,643.412096,381.6576,381.6576,441.4,254.0,342.55104,234.8176,342.224,488.04,234.8176,381.6576,338.48,321.55104,384.95104,382.7072,280.08096,320.00224,299.50144,300.55104
evaluateWeightedProduct,180.168,325.304,322.2,278.65344,371.2,438.8176,244.024,305.2,210.4,260.904,162.584,342.97344,270.692249805,196.744,179.32,390.488,360.2976,439.48352,243.48,210.4,194.96,179.32,208.4,177.2,403.36,229.544,177.2,163.32,273.6,208.6,180.056,213.304,439.344,226.92,343.81344,209.8,226.92,355.92,341.84,178.16,208.4,177.2,291.92,488.088,290.96,290.96,336.4,195.72,260.904,178.96,262.6736,373.2336,178.96,290.96,260.48,246.5936,293.144,291.92,214.064,242.92,228.904,229.544
count_k,134.56,245.4965504,242.72,209.95104,277.2,332.83424,181.76,231.2576,159.9712,197.4965504,121.16,258.15104,196.744,154.679009894,137.584512,291.32,267.16,327.16,184.830976,159.9712,148.5312,142.009883443,156.0,135.5712,303.9712,174.2517248,135.5712,125.584512,207.5712,156.4,137.584512,162.2517248,330.6517248,172.830976,258.15104,156.8,172.830976,269.456,257.1712,135.9712,156.0,135.5712,220.3712,369.63424,219.9712,219.9712,252.4,145.6,197.4965504,139.064329216,194.76,278.0,136.5312,219.9712,193.4,186.6517248,221.4965504,220.3712,162.4517248,184.506176,173.5765248,174.2517248
count_non_zeroes,123.56,224.830976,222.72,192.32704,253.8,306.88384,166.36,212.2576,146.5712,180.830976,111.16,238.54688,179.32,137.584512,131.009883443,267.32,243.96,299.76,169.830976,146.5712,135.9712,126.584512,143.0,124.5712,278.5712,159.584512,124.5712,115.584512,190.5712,143.4,126.584512,151.987904,302.984512,158.830976,236.52704,143.4,158.830976,247.456,235.3712,124.9712,143.0,124.5712,201.9712,339.63424,201.5712,201.5712,231.4,132.8,180.830976,124.9712,178.36,255.0,124.9712,201.5712,176.6,170.584512,202.830976,201.9712,148.784512,169.506176,158.909312,159.584512
sampleVariance,270.19958057,485.08,484.52,414.12,556.28,656.88,368.400576,457.2,313.88,389.816,246.27904,510.0,390.488,291.32,267.32,598.453069005,538.894976,662.1456,363.92,314.4,289.2,267.32,314.784,265.6,602.4,339.72,266.0,244.104,409.2,314.584,267.32,315.32,653.2,341.424,510.96,314.92,341.08,530.8,508.72,265.4,315.184,265.6,434.96,735.0576,434.0,433.8,506.4,290.36,388.12,265.2,394.15456,561.936,265.2,434.4,389.357376,364.32,437.88,435.76,316.52,365.056,338.72,339.72
autoCorrelation,245.768,445.72,441.4,378.76,510.36,598.92,335.89344,419.2,288.56,357.496,222.8336,466.84,360.2976,267.16,243.96,538.894976,503.224567706,607.181184,331.96,289.24,266.0,243.96,287.76,243.2,554.16,311.96,242.8,221.96,374.8,287.0,243.96,289.16,598.48,311.784,467.52,289.72,311.16,485.6,466.944,242.8,287.76,242.8,398.96,670.81344,398.56,398.56,462.8,267.72,355.96,244.0,358.4336,516.22144,244.0,399.16,359.7376,336.04,401.16,398.96,289.92,332.76,311.36,311.96
covariance,301.728,545.52,545.72,466.0544,626.44,737.6,410.08,513.8,354.184,438.12,272.6,573.6,439.48352,327.16,299.76,662.1456,607.181184,756.630794752,409.232,354.184,325.6,299.76,351.8,299.56,678.52,382.12,298.6,273.32,460.6,354.16,299.76,355.12,734.04,382.64,576.0544,353.92,382.92,598.304,571.384,299.272,351.8,298.6,490.944,821.944,490.144,489.632,569.4,327.56,436.12,298.2,440.2,631.6592,298.2,489.52,437.424,409.36,491.88,490.944,356.7344,408.8,380.72,382.12
find_magnitude,167.36,309.41978112,304.056,261.9067264,347.2,415.99296,226.36,289.0576,199.4416,245.5323904,151.56,320.92704,243.48,184.830976,169.830976,363.92,331.96,409.232,235.161091584,198.2576,184.0576,169.830976,195.2,168.2576,379.74304,215.5323904,168.0576,155.030976,258.2576,195.96,169.830976,200.5323904,411.1323904,214.830976,323.2667264,195.6,215.490816,338.0064,319.0576,170.95475456,195.2,168.0576,274.34304,459.83424,274.65451264,275.55475456,316.88,181.0,246.9601024,168.2576,243.32,349.544,168.6576,273.94304,241.0,230.230976,276.2859264,274.34304,201.41295616,231.046912,214.8725504,215.5323904
array_calc1,144.2,264.0576,262.16,224.2576,300.4,357.9152,196.56,251.3072,175.91860992,211.4576,130.8,276.2576,210.4,159.9712,146.5712,314.4,289.24,354.184,198.2576,177.772354662,161.0464,146.5712,169.6,149.6517248,330.6064,186.1712,147.24128,133.5712,226.584512,171.384,146.5712,172.9712,355.5712,185.54304,276.2576,170.16,185.6576,292.6912,281.51860992,147.2464,169.6,147.24128,242.27860992,396.65792,239.87648,239.87648,275.0,157.76,211.8576,146.9712,209.36,300.68,147.6464,241.214592,209.76,199.982464,237.4576,242.27860992,172.9712,197.8576,186.1712,186.1712
power,133.6,244.6176,242.16,207.8176,276.6,331.60064,180.8,232.96704,161.0464,195.8176,120.4,255.8176,194.96,148.5312,135.9712,289.2,266.0,325.6,184.0576,161.0464,152.103201997,135.9712,156.0,137.34208,305.0464,172.5312,135.9712,123.9712,209.31648,157.2,135.9712,160.5312,328.9312,171.2576,255.8176,156.4,172.34304,271.3152,258.6464,136.91648,156.0,135.9712,222.2464,366.1152,221.0464,221.0464,253.6,145.6,196.7776,136.909312,192.8,276.8,137.584512,221.0464,192.8,185.3312,219.8176,222.2464,160.5312,183.2576,172.5312,172.5312
cnt_zeroes,123.56,224.830976,222.72,192.32704,253.8,305.83424,166.36,212.2576,146.5712,180.830976,111.16,236.52704,179.32,142.009883443,126.584512,267.32,243.96,299.76,169.830976,146.5712,135.9712,131.009883443,143.0,124.5712,278.5712,159.584512,124.5712,115.584512,190.5712,143.4,126.584512,148.584512,302.984512,158.830976,236.52704,143.4,158.830976,247.456,235.3712,124.9712,143.0,124.5712,201.9712,339.63424,201.5712,201.5712,231.4,132.8,180.830976,127.504329216,178.36,255.0,124.9712,201.5712,176.6,170.584512,202.830976,201.9712,148.784512,169.506176,158.909312,159.584512
max,143.4,261.2,263.36,221.6,300.76,351.0,197.384,247.8,169.6,208.4,132.808,274.2,208.4,156.0,143.0,314.784,287.76,351.8,195.2,169.6,156.0,143.0,179.013482189,143.4,326.2,182.4,143.8,130.4,221.0,171.72,143.0,169.0,351.8,182.2,273.6,173.25344,182.0,286.4,275.0,143.2,175.64340992,144.36,235.6,391.76,234.8,234.6,278.264,156.6,208.4,143.0,210.184,301.16,143.0,234.6,212.81344,195.4,234.4,235.6,169.2,195.2,182.4,182.4
array_copy,122.2,223.2576,222.16,189.8576,253.6,305.274816,165.8,213.8672,149.6517248,178.8576,110.8,233.8576,177.2,135.5712,124.5712,265.6,243.2,299.56,168.2576,149.6517248,137.34208,124.5712,143.4,129.239161139,279.6464,157.5712,125.64128,113.5712,192.984512,146.344,124.5712,146.5712,300.9712,156.8576,233.8576,143.4,158.617216,249.0912,239.5218048,125.2464,143.4,125.64128,207.0818048,335.7152,203.71648,203.71648,233.56,133.36,179.2576,124.5712,176.8,254.2,125.2464,203.71648,176.4,168.5712,200.8576,207.0818048,146.5712,167.8576,157.5712,157.5712
chebyshevDistance,276.2,508.297216,502.96,429.34304,576.16,681.9152,378.68,478.9072,330.2064,405.577216,250.8,529.0576,403.36,303.9712,278.5712,602.4,554.16,678.52,379.74304,330.6064,305.0464,278.5712,326.2,279.6464,646.082544947,357.5844864,279.2464,253.5712,429.6464,325.8,278.5712,330.05664,682.9844864,353.2576,530.14304,326.96,353.2576,559.836032,531.8064,280.34208,327.16,278.5712,456.70208,757.3152,457.57568,457.57568,527.0,301.2,407.9204864,278.9712,402.16,579.4,280.99168,458.194816,404.08,380.1712,456.8708864,456.70208,330.05664,378.6576,357.5844864,357.5844864
distance1,156.56,287.839448064,283.12,244.650816,323.2,387.32224,213.5936,269.2576,185.9712,230.879448064,141.16,300.55104,229.544,174.2517248,159.584512,339.72,311.96,382.12,215.5323904,186.1712,172.5312,159.584512,182.4,157.5712,357.5844864,205.437929062,157.5712,145.584512,241.5712,182.4,160.254592,188.95379456,387.106953626,201.030976,301.250816,183.2,200.830976,314.8064,299.1712,158.65664,182.4,157.5712,257.05664,430.43424,256.65664,256.65664,294.4,169.6,231.551779226,158.5312,227.16,325.6,158.5312,256.993728,226.76,217.7218048,260.665757901,257.05664,189.15379456,214.706176,204.015779226,205.437929062
find_min,122.6,222.8576,224.56,190.4576,253.4,303.5152,165.8,212.2576,147.44128,178.8576,111.08,233.8576,177.2,135.5712,124.5712,266.0,242.8,298.6,168.0576,147.24128,135.9712,124.5712,143.8,125.64128,279.2464,157.5712,129.629707162,113.9712,191.24128,144.2,124.5712,146.5712,300.9712,156.8576,234.4576,143.6,157.2576,248.40128,237.8066304,124.7712,144.76,126.584512,203.60128,336.1152,202.64128,202.44128,232.6,133.984,178.8576,124.5712,177.0,254.2,126.423291597,202.24128,176.4,168.5712,200.8576,205.12128,146.7712,168.0576,157.5712,157.5712
add_values,113.344,204.830976,205.104,176.22688,231.28,278.83424,151.36,193.2576,133.91392,164.830976,101.4,215.52704,163.32,125.584512,115.584512,244.104,221.96,273.32,155.030976,133.5712,123.9712,115.584512,130.4,113.5712,253.5712,145.584512,113.9712,106.770925978,173.5712,130.4,115.584512,135.584512,275.984512,144.830976,216.20704,130.96,144.830976,225.456,214.3712,114.1712,130.4,113.9712,183.9712,310.799974093,183.9712,183.7712,211.2,121.36,164.830976,113.9712,162.6,232.44,113.9712,183.5712,160.6,155.584512,184.830976,183.9712,136.024512,154.968541082,144.909312,145.584512
calculateAbsoluteDifferences,188.2,343.2576,342.16,291.8576,392.0,465.9152,255.4,327.3072,226.584512,274.8576,170.4,359.8576,273.6,207.5712,190.5712,409.2,374.8,460.6,258.2576,226.584512,209.31648,190.5712,221.0,192.984512,429.6464,241.5712,191.24128,173.5712,301.915515187,222.76,191.25664,224.5712,463.7712,240.8576,359.8576,221.0,241.6576,380.6912,363.784512,191.2464,221.0,191.24128,312.944512,515.7152,310.91648,310.91648,358.6,204.96,275.8176,191.3712,272.4,391.8,191.2464,310.91648,272.0,258.5712,308.8576,312.944512,224.5712,257.8576,241.5712,241.5712
reverse,143.8,260.96,260.8,221.6,300.4,354.384,196.984,248.76,171.384,208.4,132.264,273.8,208.6,156.4,143.4,314.584,287.0,354.16,195.96,171.384,157.2,143.4,171.72,146.344,325.8,182.4,144.2,130.4,222.76,178.734648422,143.4,169.4,351.4,182.4,273.8,172.568,183.984,288.4,276.744,143.4,172.12,143.8,238.144,391.0,235.6,235.6,277.9536,157.2,208.96,143.0,210.584,300.2,143.4,235.6,212.616,195.4,234.8,239.328,169.6,195.6,182.0,182.4
sumOfLogarithms,123.56,224.830976,222.72,192.32704,253.8,306.07424,166.92,212.2576,146.5712,180.830976,111.16,236.52704,180.056,137.584512,126.584512,267.32,243.96,299.76,169.830976,146.5712,135.9712,126.584512,143.0,124.5712,278.5712,160.254592,124.5712,115.584512,191.25664,143.4,128.436867379,148.584512,304.344512,158.830976,236.52704,143.4,158.830976,247.456,235.3712,124.9712,143.0,124.5712,201.9712,339.63424,201.5712,201.5712,231.4,132.8,180.830976,124.9712,178.36,255.0,124.9712,201.5712,176.6,171.254592,203.490816,201.9712,148.784512,169.506176,159.309312,160.254592
hamming_dist,145.56,266.59862016,263.12,227.650816,300.2,360.88384,196.76,250.2576,172.9712,214.19862016,131.16,281.57088,213.304,162.2517248,151.987904,315.32,289.16,355.12,200.5323904,172.9712,160.5312,148.584512,169.0,146.5712,330.05664,188.95379456,146.5712,135.584512,224.5712,169.4,148.584512,180.291896627,358.35379456,186.830976,280.250816,169.8,186.830976,292.8064,278.1712,147.65664,169.0,146.5712,239.05664,399.63424,238.65664,238.65664,273.4,157.6,214.19862016,147.5312,211.16,301.8,147.5312,238.65664,209.8,201.6517248,240.19862016,239.05664,176.15379456,199.506176,188.26835456,188.95379456
computeCanberraDistance,299.96,548.539448064,543.92,466.050816,623.2,739.03424,409.08,516.6576,355.5712,439.612235264,272.12,575.15104,439.344,330.6517248,302.984512,653.2,598.48,734.04,411.1323904,355.5712,328.9312,302.984512,351.8,300.9712,682.9844864,387.106953626,300.9712,275.984512,463.7712,351.4,304.344512,358.35379456,754.745887437,384.090816,574.650816,352.2,383.230976,601.2064,574.4912,302.25664,351.8,300.9712,492.41664,821.35424,492.25664,492.05664,568.2,326.0,439.951779226,301.9312,436.12,625.32,301.9312,492.193728,434.88,412.8517248,494.351779226,492.41664,358.55379456,410.106176,386.415779226,387.106953626
harmonicMean,156.56,285.350976,282.32,243.72704,323.0,387.23424,212.92,268.544,184.8576,232.24460032,141.56,299.92704,226.92,172.830976,158.830976,341.424,311.784,382.64,214.830976,185.54304,171.2576,158.830976,182.2,156.8576,353.2576,201.030976,156.8576,144.830976,240.8576,182.4,158.830976,186.830976,384.090816,205.501618586,299.92704,182.6,203.638718464,313.056,297.6576,157.2576,182.2,156.8576,255.2576,435.2396672,254.8576,254.8576,294.4,168.8,229.030976,157.2576,227.16,325.424,157.2576,255.2576,225.144,215.1816832,258.614976,255.2576,187.030976,215.466176,200.381376,201.030976
weightedRMS,234.64,428.050816,428.1456,371.593428173,490.176,578.8635904,317.96,401.544,277.4576,343.650816,213.88,451.558029824,343.81344,258.15104,236.52704,510.96,467.52,576.0544,323.2667264,276.2576,255.8176,236.52704,273.6,233.8576,530.14304,301.250816,234.4576,216.20704,359.8576,273.8,236.52704,280.250816,574.650816,299.92704,461.787253658,275.576,299.92704,469.6064,445.4576,236.977216,273.6,234.4576,382.74304,644.822016,383.160128,383.977216,443.88,255.376,343.250816,234.8176,344.792,494.6816,234.8176,382.34304,339.56,321.55104,385.650816,382.74304,283.695412224,322.12224,300.190976,301.250816
evaluateHoners,143.96,262.0,263.552,223.112,302.112,352.0,197.32,247.8,170.16,209.2,131.9344,274.2,209.8,156.8,143.4,314.92,289.72,353.92,195.6,170.16,156.4,143.4,173.25344,143.4,326.96,183.2,143.6,130.96,221.0,172.568,143.4,169.8,352.2,182.6,275.576,177.934648422,182.4,286.6,274.36,143.2,173.45344,143.4,234.96,392.92,235.36,235.16,277.304,158.384,209.2,143.4,210.76,302.2,143.6,235.16,215.07318016,196.6,235.2,234.96,170.24,195.44,182.8,183.2
average,156.56,285.490816,282.32,243.72704,323.2,389.466570854,212.72,269.904,185.6576,231.638718464,141.56,299.92704,226.92,172.830976,158.830976,341.08,311.16,382.92,215.490816,185.6576,172.34304,158.830976,182.0,158.617216,353.2576,200.830976,157.2576,144.830976,241.6576,183.984,158.830976,186.830976,383.230976,203.638718464,299.92704,182.4,205.501618586,314.656,299.0176,157.6576,182.0,157.2576,257.0176,434.5478272,255.6576,255.6576,295.76,169.2,229.490816,157.2576,227.16,324.8,157.6576,255.6576,224.6,214.830976,258.414976,257.0176,187.030976,215.466176,200.181376,200.830976
selection_sort,244.4,448.8064,445.94304,380.8064,507.4,606.512,331.2,425.488,292.6912,358.4064,220.8,468.256,355.92,269.456,247.456,530.8,485.6,598.304,338.0064,292.6912,271.3152,247.456,286.4,249.0912,559.836032,314.8064,248.40128,225.456,380.6912,288.4,247.456,292.8064,601.2064,313.056,469.6064,286.6,314.656,508.595751322,470.8512,250.28608,286.8,247.056,405.26208,670.512,404.06208,404.06208,466.0,264.8,360.0064,247.28,354.0,509.2,251.198592,404.06208,353.2,335.456,402.8064,405.936256,292.8064,335.456,314.8064,314.8064
clip,233.0,424.8576,423.36,361.4576,484.56,576.4752,319.48,405.0672,281.51860992,340.4576,213.12,446.7568,341.84,257.1712,235.3712,508.72,466.944,571.384,319.0576,281.51860992,258.6464,235.3712,275.0,239.5218048,531.8064,299.1712,237.8066304,214.3712,363.784512,276.744,235.3712,278.1712,574.4912,297.6576,445.4576,274.36,299.0176,470.8512,463.427469619,236.0464,275.0,237.40128,393.75849472,637.3152,385.47648,385.47648,446.28,255.92,340.8576,236.1712,340.08,485.0,238.220352,385.47648,338.784,321.1312,382.4576,393.15924992,278.1712,318.6576,299.1712,299.1712
square,122.8,225.30304,223.896,191.817216,254.4,303.5152,165.4,213.56704,148.584512,179.94304,110.8,234.6576,178.16,135.9712,124.9712,265.4,242.8,299.272,170.95475456,147.2464,136.91648,124.9712,143.2,125.2464,280.34208,158.65664,124.7712,114.1712,191.2464,143.4,124.9712,147.65664,302.25664,157.2576,236.977216,143.2,157.6576,250.28608,236.0464,128.432509235,143.2,124.7712,203.34208,336.3152,203.733246054,204.755672474,232.88,132.6,180.34304,125.24128,177.36,256.344,125.91648,202.94208,176.4,168.9712,201.94304,203.34208,148.330816,168.6576,158.65664,158.65664
min,143.4,261.2,262.4,221.6,300.76,351.0,197.784,247.8,169.6,208.4,133.288,273.4,208.4,156.0,143.0,315.184,287.76,351.8,195.2,169.6,156.0,143.0,175.64340992,143.4,327.16,182.4,144.76,130.4,221.0,172.12,143.0,169.0,351.8,182.2,273.6,173.45344,182.0,286.8,275.0,143.2,179.813482189,143.4,234.8,391.76,234.8,234.6,276.12,156.4,208.4,143.0,210.584,301.16,143.4,234.6,213.21344,195.4,234.4,236.4,169.2,195.2,182.4,182.4
find_max,122.6,222.8576,225.68,190.4576,253.4,303.5152,165.4,212.2576,147.44128,178.8576,110.6,233.8576,177.2,135.5712,124.5712,265.6,242.8,298.6,168.0576,147.24128,135.9712,124.5712,144.36,125.64128,278.5712,157.5712,126.584512,113.9712,191.24128,143.8,124.5712,146.5712,300.9712,156.8576,234.4576,143.4,157.2576,247.056,237.40128,124.7712,143.4,129.629707162,205.12128,336.1152,202.64128,202.44128,235.304,134.184,178.8576,124.5712,176.6,254.2,124.5712,202.24128,176.0,168.5712,200.8576,203.60128,146.7712,168.0576,157.5712,157.5712
elementwise_max,199.6,365.14304,363.76,310.34304,415.16,495.4752,272.32,347.6672,242.27860992,292.34304,181.76,382.7072,291.92,220.3712,201.9712,434.96,398.96,490.944,274.34304,242.27860992,222.2464,201.9712,235.6,207.0818048,456.70208,257.05664,203.60128,183.9712,312.944512,238.144,201.9712,239.05664,492.41664,255.2576,382.74304,234.96,257.0176,405.26208,393.75849472,203.34208,234.8,205.12128,342.685518848,546.5152,331.936256,331.936256,383.68,219.12,292.74304,202.3712,290.72,416.4,203.0464,331.936256,289.76,274.7712,328.34304,337.844404224,239.05664,273.2576,257.05664,257.05664
variance,336.344,612.35424,607.224,523.982016,694.68,830.956416,456.52,575.488,396.05792,495.6838272,304.4,643.412096,488.088,369.63424,339.63424,735.0576,670.81344,821.944,459.83424,396.65792,366.1152,339.63424,391.76,335.7152,757.3152,430.43424,336.1152,310.799974093,515.7152,391.0,339.63424,399.63424,821.35424,435.2396672,644.822016,392.92,434.5478272,670.512,637.3152,336.3152,391.76,336.1152,546.5152,940.188445696,546.1152,545.9152,631.6,362.36,490.43424,336.1152,489.184,701.157376,336.1152,546.5152,484.9936,460.92992,552.97824,546.5152,400.93408,461.565930291,428.93504,430.43424
ebeAdd,199.6,365.02304,365.344,310.680128,415.76,492.9152,271.36,346.3072,240.478528,291.94304,181.0,381.6576,290.96,219.9712,201.5712,434.0,398.56,490.144,274.65451264,239.87648,221.0464,201.5712,234.8,203.71648,457.57568,256.65664,202.64128,183.9712,310.91648,235.6,201.5712,238.65664,492.25664,254.8576,383.160128,235.36,255.6576,404.06208,385.47648,203.733246054,234.8,202.64128,331.936256,546.1152,336.098686566,335.073809101,381.36,218.16,292.34304,201.9712,290.04,416.816,202.6464,334.28093911,289.76,274.3712,327.94304,331.936256,238.993728,273.0576,256.65664,256.65664
ebeMultiply,199.4,365.30304,363.896,310.817216,416.36,492.9152,271.36,346.3072,241.214592,291.94304,181.2,381.6576,290.96,219.9712,201.5712,433.8,398.56,489.632,275.55475456,239.87648,221.0464,201.5712,234.6,203.71648,457.57568,256.65664,202.44128,183.7712,310.91648,235.6,201.5712,238.65664,492.05664,254.8576,383.977216,235.16,255.6576,404.06208,385.47648,204.755672474,234.6,202.44128,331.936256,545.9152,335.073809101,336.098686566,380.68,217.96,292.34304,201.9712,290.32,417.744,202.6464,334.28093911,289.76,274.3712,327.94304,331.936256,239.330816,273.2576,256.65664,256.65664
bubble,232.2,421.48,430.2976,359.4,486.2,569.56,316.76,402.52,275.68,336.4,212.16,441.4,336.4,252.4,231.4,506.4,462.8,569.4,316.88,275.0,253.6,231.4,278.264,233.56,527.0,294.4,232.6,211.2,358.6,277.9536,231.4,273.4,568.2,294.4,443.88,277.304,295.76,466.0,446.28,232.88,276.12,235.304,383.68,631.6,381.36,380.68,462.981290291,255.552,337.2,231.4,337.6,485.6,232.6,380.0,339.104,315.4,378.4,381.36,273.8,315.8,294.4,294.4
polevl,133.36,241.6,244.632,206.912,277.928,326.6,181.6,229.6,157.96,193.6,120.84,254.0,195.72,145.6,132.8,290.36,267.72,327.56,181.0,157.76,145.6,132.8,156.6,133.36,301.2,169.6,133.984,121.36,204.96,157.2,132.8,157.6,326.0,168.8,255.376,158.384,169.2,264.8,255.92,132.6,156.4,134.184,219.12,362.36,218.16,217.96,255.552,153.067396301,193.6,133.2,194.44,277.84,133.2,217.76,194.36,182.56,217.6,219.12,158.04,180.84,169.2,169.6
manhattan_dist,178.16,329.270436864,322.72,278.650816,369.4,443.88864,242.72,308.0576,211.6576,262.879448064,161.16,342.55104,260.904,197.4965504,180.830976,388.12,355.96,436.12,246.9601024,211.8576,196.7776,180.830976,208.4,179.2576,407.9204864,231.551779226,178.8576,164.830976,275.8176,208.96,180.830976,214.19862016,439.951779226,229.030976,343.250816,209.2,229.490816,360.0064,340.8576,180.34304,208.4,178.8576,292.74304,490.43424,292.34304,292.34304,337.2,193.6,266.813352346,179.8176,259.16,371.6,180.2176,292.680128,258.76,246.2965504,296.306953626,292.74304,214.39862016,245.446912,230.886204826,231.551779226
sequential_search,122.6,223.8176,222.16,190.8176,253.8,303.1152,165.8,212.51744,146.9712,179.8176,110.4,234.8176,178.96,139.064329216,124.9712,265.2,244.0,298.2,168.2576,146.9712,136.909312,127.504329216,143.0,124.5712,278.9712,158.5312,124.5712,113.9712,191.3712,143.0,124.9712,147.5312,301.9312,157.2576,234.8176,143.4,157.2576,247.28,236.1712,125.24128,143.0,124.5712,202.3712,336.1152,201.9712,201.9712,231.4,133.2,179.8176,128.454257357,176.8,253.8,125.909312,201.9712,176.8,169.9312,201.8176,202.3712,147.5312,168.2576,158.5312,158.5312
weightedMean,178.84,323.56,322.92,278.408,372.48,437.824,246.75104,304.4,209.76,259.96,165.94944,342.224,262.6736,194.76,178.36,394.15456,358.4336,440.2,243.32,209.36,192.8,178.36,210.184,176.8,402.16,227.16,177.0,162.6,272.4,210.584,178.36,211.16,436.12,227.16,344.792,210.76,227.16,354.0,340.08,177.36,210.584,176.6,290.72,489.184,290.04,290.32,337.6,194.44,259.16,176.8,269.374741709,375.8576,176.8,289.76,261.28352,243.16,291.96,291.52,213.0736,243.12,226.16,227.16
durbinWatson,257.408,466.72,465.7584,398.504,535.08,626.16,348.984,438.6,301.56,372.736,233.944,488.04,373.2336,278.0,255.0,561.936,516.22144,631.6592,349.544,300.68,276.8,255.0,301.16,254.2,579.4,325.6,254.2,232.44,391.8,300.2,255.0,301.8,625.32,325.424,494.6816,302.2,324.8,509.2,485.0,256.344,301.16,254.2,416.4,701.157376,416.816,417.744,485.6,277.84,371.6,253.8,375.8576,549.02491904,253.8,416.4,374.104,347.96,418.4,416.4,304.3936,348.56,324.8,325.6
set_min_val,122.6,224.2176,222.16,190.8176,253.6,303.5152,166.2,213.56704,147.6464,179.8176,110.4,234.8176,178.96,136.5312,124.9712,265.2,244.0,298.2,168.6576,147.6464,137.584512,124.9712,143.0,125.2464,280.99168,158.5312,126.423291597,113.9712,191.2464,143.4,124.9712,147.5312,301.9312,157.2576,234.8176,143.6,157.6576,251.198592,238.220352,125.91648,143.4,124.5712,203.0464,336.1152,202.6464,202.6464,232.6,133.2,180.2176,125.909312,176.8,253.8,129.629707162,202.6464,176.8,169.9312,201.8176,203.4464,147.5312,168.2576,158.5312,158.5312
ebeDivide,199.2,365.360128,362.56,309.94304,415.4,492.9152,271.56,346.3072,239.87648,292.280128,180.8,381.6576,290.96,219.9712,201.5712,434.4,399.16,489.52,273.94304,241.214592,221.0464,201.5712,234.6,203.71648,458.194816,256.993728,202.24128,183.5712,310.91648,235.6,201.5712,238.65664,492.193728,255.2576,382.34304,235.16,255.6576,404.06208,385.47648,202.94208,234.6,202.24128,331.936256,546.5152,334.28093911,334.28093911,380.0,217.76,292.680128,201.9712,289.76,416.4,202.6464,336.098686566,290.24,274.8112,328.280128,331.936256,238.65664,272.8576,256.993728,256.993728
evaluateNewton,176.6,325.144,321.4,274.4,371.584,433.96,243.944,304.8,209.36,259.1344,162.664,338.48,260.48,193.4,176.6,389.357376,359.7376,437.424,241.0,209.76,192.8,176.6,212.81344,176.4,404.08,226.76,176.4,160.6,272.0,212.616,176.6,209.8,434.88,225.144,339.56,215.07318016,224.6,353.2,338.784,176.4,213.21344,176.0,289.76,484.9936,289.76,289.76,339.104,194.36,258.76,176.8,261.28352,374.104,176.8,290.24,268.932407091,243.16,290.76,290.56,210.56,240.6,226.16,226.76
sumOfPowerOfDeviations,167.56,307.0965504,302.72,261.35104,347.0,414.07424,228.12,288.2576,199.3712,246.2965504,151.16,321.55104,246.5936,186.6517248,170.584512,364.32,336.04,409.36,230.230976,199.982464,185.3312,170.584512,195.4,168.5712,380.1712,217.7218048,168.5712,155.584512,258.5712,195.4,171.254592,201.6517248,412.8517248,215.1816832,321.55104,196.6,214.830976,335.456,321.1312,168.9712,195.4,168.5712,274.7712,460.92992,274.3712,274.3712,315.4,182.56,246.2965504,169.9312,243.16,347.96,169.9312,274.8112,243.16,235.905181184,276.9563904,274.7712,201.8517248,229.506176,216.7765248,217.7218048
mean_absolute_error,201.12,368.594622464,362.72,313.050816,415.4,497.21088,274.9536,345.2576,237.2576,296.463448064,181.56,384.95104,293.144,221.4965504,202.830976,437.88,401.16,491.88,276.2859264,237.4576,219.8176,202.830976,234.4,200.8576,456.8708864,260.665757901,200.8576,184.830976,308.8576,234.8,203.490816,240.19862016,494.351779226,258.614976,385.650816,235.2,258.414976,402.8064,382.4576,201.94304,234.4,200.8576,328.34304,552.97824,327.94304,327.94304,378.4,217.6,296.306953626,201.8176,291.96,418.4,201.8176,328.280128,290.76,276.9563904,336.172855296,328.34304,240.39862016,277.493131264,259.286204826,260.665757901
elementwise_min,199.6,365.14304,362.96,310.34304,415.16,495.4752,273.12,347.6672,242.27860992,292.34304,182.56,382.7072,291.92,220.3712,201.9712,435.76,398.96,490.944,274.34304,242.27860992,222.2464,201.9712,235.6,207.0818048,456.70208,257.05664,205.12128,183.9712,312.944512,239.328,201.9712,239.05664,492.41664,255.2576,382.74304,234.96,257.0176,405.936256,393.15924992,203.34208,236.4,203.60128,337.844404224,546.5152,331.936256,331.936256,381.36,219.12,292.74304,202.3712,291.52,416.4,203.4464,331.936256,290.56,274.7712,328.34304,342.685518848,239.05664,273.2576,257.05664,257.05664
dot_product,146.0,266.79862016,264.44,229.44269056,302.12,360.89408,196.96,250.2576,173.3712,214.39862016,132.12,280.08096,214.064,162.4517248,148.784512,316.52,289.92,356.7344,201.41295616,172.9712,160.5312,148.784512,169.2,146.5712,330.05664,189.15379456,146.7712,136.024512,224.5712,169.6,148.784512,176.15379456,358.55379456,187.030976,283.695412224,170.24,187.030976,292.8064,278.1712,148.330816,169.2,146.7712,239.05664,400.93408,238.993728,239.330816,273.8,158.04,214.39862016,147.5312,213.0736,304.3936,147.5312,238.65664,210.56,201.8517248,240.39862016,239.05664,178.171437158,200.466176,188.26835456,189.15379456
geometric_mean,168.256,305.646912,303.176,261.0272,347.52,415.80768,227.16,288.2576,198.54304,245.466176,152.32,320.00224,242.92,184.506176,169.506176,365.056,332.76,408.8,231.046912,197.8576,183.2576,169.506176,195.2,167.8576,378.6576,214.706176,168.0576,154.968541082,257.8576,195.6,169.506176,199.506176,410.106176,215.466176,322.12224,195.44,215.466176,335.456,318.6576,168.6576,195.2,168.0576,273.2576,461.565930291,273.0576,273.2576,315.8,180.84,245.446912,168.2576,243.12,348.56,168.2576,272.8576,240.6,229.506176,277.493131264,273.2576,200.466176,235.172920832,214.381376,214.706176
distanceInf,156.16,287.175512064,282.56,243.790976,322.8,385.73504,212.72,269.2576,185.9712,230.215512064,140.96,299.50144,228.904,173.5765248,158.909312,338.72,311.36,380.72,214.8725504,186.1712,172.5312,158.909312,182.4,157.5712,357.5844864,204.015779226,157.5712,144.909312,241.5712,182.0,159.309312,188.26835456,386.415779226,200.381376,300.190976,182.8,200.181376,314.8064,299.1712,158.65664,182.4,157.5712,257.05664,428.93504,256.65664,256.65664,294.4,169.2,230.886204826,158.5312,226.16,324.8,158.5312,256.993728,226.16,216.7765248,259.286204826,257.05664,188.26835456,214.381376,205.437929062,204.015779226
manhattanDistance,156.56,287.839448064,283.12,244.650816,323.2,387.32224,213.5936,269.2576,185.9712,230.879448064,141.16,300.55104,229.544,174.2517248,159.584512,339.72,311.96,382.12,215.5323904,186.1712,172.5312,159.584512,182.4,157.5712,357.5844864,205.437929062,157.5712,145.584512,241.5712,182.4,160.254592,188.95379456,387.106953626,201.030976,301.250816,183.2,200.830976,314.8064,299.1712,158.65664,182.4,157.5712,257.05664,430.43424,256.65664,256.65664,294.4,169.6,231.551779226,158.5312,227.16,325.6,158.5312,256.993728,226.76,217.7218048,260.665757901,257.05664,189.15379456,214.706176,204.015779226,205.437929062
