sum,123.800076595,221.04,221.88,188.69,253.62,298.94,165.8,209.6,143.72,177.24,110.81,232.44,177.876,133.24,122.24,266.599999846,243.676,299.116,166.14,143.6,132.8,122.24,143.2,121.6,275.6,155.24,121.8,111.528,187.6,143.4,122.24,144.24,298.44,155.24,232.76,143.44,155.24,243.2,232.0,121.9,143.2,121.8,198.8,333.028,198.8,198.7,231.6,132.64,177.04,121.8,177.41,254.986,121.8,198.6,176.3,166.24,199.48,198.8,144.45,166.512,155.04,155.24
find_euc_dist,221.04,405.89239552,401.58,342.925024,461.1,544.42928,301.24,382.1856,261.8256,323.251404032,200.54,422.97312,322.468,242.1851008,221.935104,482.42,442.78,542.68,303.64936192,261.7856,242.0256,221.935104,260.6,221.3856,503.607424,283.127404032,221.1856,201.935104,341.3856,260.44,221.935104,262.63702016,543.477404032,282.190104,423.425024,261.0,282.185024,443.9344,422.1856,222.27712,260.6,221.1856,362.23712,605.34032,362.15712,362.27712,420.72,240.8,323.637317632,221.6256,321.74,463.28,221.8256,362.282272,322.428,302.9851008,363.387000832,362.23712,262.73702016,302.269088,282.877420032,283.127404032
find_max2,221.88,401.58,409.890899866,343.4476,461.962,542.26,300.4,381.04,261.67,321.28,200.81,421.48,321.1,241.28,221.28,482.18,440.7,542.78,301.912,261.04,241.04,221.28,261.64,221.04,501.44,281.48,222.24,202.368,341.04,260.4,221.28,261.48,541.88,281.08,423.8831,261.684,281.08,442.63712,421.64,221.872,261.2,222.72,361.84,603.348,362.528,361.872,424.7456,242.204,321.28,221.04,321.43,462.7844,221.04,361.24,320.7,301.28,361.28,361.44,262.11,301.492,281.24,281.48
weighted_average,188.69,342.925024,343.4476,294.081998797,393.17528,463.5203008,256.34,324.128,222.6856,274.925024,171.29,360.946619392,275.02752,206.47312,189.22512,410.93,376.34,462.3564,257.8274048,222.3856,205.6256,189.22512,221.3,188.1856,426.83712,240.725024,188.4856,172.58504,290.1856,221.3,189.22512,223.725024,461.925024,240.42512,362.960015347,221.974,240.42512,376.9344,358.9856,188.987424,221.3,188.4856,307.83712,515.958224,307.962272,307.987424,358.2,205.374,274.725024,188.6256,274.986,394.518,188.6256,307.63712,273.2,257.67312,308.925024,307.83712,224.43548096,257.5528,240.375104,240.725024
quantile,253.62,461.1,461.962,393.17528,536.447499674,622.4,345.94,437.8,300.14,368.7,231.28,484.2,369.6,276.6,253.4,554.12,508.14,623.66,346.1,299.65,276.3,253.4,299.84,253.3,575.54,322.6,253.2,230.62,391.5,299.7,253.4,299.6,622.1,322.5,486.332,300.419,322.6,506.7,483.74,253.7,299.84,253.2,414.54,692.32,414.84,415.14,484.55,276.931,368.7,253.4,370.12,531.92,253.3,414.65,369.688,346.0,414.7,414.54,300.48,346.18,322.4,322.6
entropy,298.94,544.42928,542.26,463.5203008,622.4,740.990834995,406.761,516.4112,353.9712,435.86032,271.24,572.0452608,435.1256,327.66032,301.10992,652.32,596.38,733.2,409.42928,353.9712,327.22272,300.66032,351.0,300.473024,677.9712,381.88132,299.7712,273.66032,461.9712,352.588,300.77032,355.10992,733.26032,381.86032,571.9702208,351.5,382.62519977,599.664,571.2112,299.7712,351.0,299.7712,490.2112,818.818624,488.9712,488.9712,568.24,325.3,436.78112,299.5712,434.748,623.54,299.7712,488.9712,432.94,408.77032,490.60004,490.2112,355.11024,409.46784,381.26112,381.88132
meanDeviation,165.8,301.24,300.4,256.34,345.94,406.761,228.762399539,285.2,195.64,241.68,151.8115008,316.64,241.898,180.84,165.64,363.564704,332.68752,407.42,225.64,195.74,180.4,165.64,196.088,165.4,376.72,211.5776,165.4,150.64,255.2,195.888,165.88,195.84,406.92,211.38,316.44,196.08,211.28,330.6,317.12,165.2,196.288,165.2,271.08,453.18,270.64,270.64,315.84,180.8,241.28,165.4,242.87312,346.888,165.6,270.74,241.828,226.48,272.2176,271.48,195.94,226.04,211.28,211.5776
insertion_sort,209.6,382.1856,381.04,324.128,437.8,516.4112,285.2,367.24841984,248.8352,305.128,190.2,400.128,304.6,229.3856,210.3856,456.6,418.6,513.4,286.7856,248.8352,230.08512,210.3856,247.4,211.0752,476.6352,267.3856,210.3856,191.3856,324.8352,247.84,210.3856,248.3856,514.5856,267.128,400.128,247.4,267.768,421.456,401.6752,210.88512,247.4,210.3856,344.4752,572.456,343.8352,343.8352,400.68,228.8,305.7856,210.43552,304.2,437.8,210.88512,343.8352,304.4,286.3856,343.3856,344.4752,248.3856,286.3856,267.3856,267.3856
scale,143.72,261.8256,261.67,222.6856,300.14,353.9712,195.64,248.8352,172.259999642,209.3856,130.6,274.3856,209.2,157.6432,144.4432,312.92,287.24,352.488,196.8736,171.69469952,158.0944,144.4432,169.3,145.6446976,327.1344,183.6432,144.79344,131.56896,223.194688,170.088,144.4432,170.6432,352.9432,183.1856,274.9856,169.54,183.5856,288.9232,276.49469952,145.194688,169.3,144.79344,237.33469952,392.49696,236.622272,236.884928,274.32,156.94,209.5856,144.6432,208.84,300.24,144.8944,236.38464,208.64,196.8432,235.3856,237.33469952,170.8432,196.43712,183.6432,183.6432
meanDifference,177.24,323.251404032,321.28,274.925024,368.7,435.86032,241.68,305.128,209.3856,260.012475699,160.74,338.97312,258.268,194.1851008,177.935104,386.752,354.672,434.93,242.1870208,209.4856,193.6256,177.935104,208.2,177.1856,402.327424,226.687404032,177.1856,161.935104,273.1856,208.2,177.935104,210.43702016,435.012402432,227.18474048,339.225024,208.6,226.947064832,354.7344,337.9856,177.63712,208.2,177.1856,289.83712,486.3656064,289.63712,289.63712,336.2,192.8,258.687404032,177.6256,257.94,370.332,177.6256,289.762272,257.4764,242.5851008,291.375404032,289.83712,210.53702016,242.250304,226.437420032,226.687404032
product,110.81,200.54,200.81,171.29,231.28,271.24,151.8115008,190.2,130.6,160.74,102.510012518,211.04,161.188,120.54,110.54,242.65912,221.2376,271.25,150.74,130.4,120.2,110.54,131.236,110.4,250.4,140.54,110.52,100.65,170.2,131.008,110.54,130.54,270.98,140.74,211.82,130.8764,140.74,220.4,211.48,110.4,131.456,110.3,180.84,302.15,180.5,180.6,211.04,120.41,160.54,110.2,162.53952,231.828,110.2,180.4,161.208,150.54,180.74,181.24,130.98,151.08,140.44,140.54
errorRate,232.44,422.97312,421.48,360.946619392,484.2,572.0452608,316.64,400.128,274.3856,338.97312,211.04,448.69000192,339.20752,254.57312,234.21504,506.9,464.36,570.2,317.52512,274.3856,253.6256,233.32512,273.6,232.1856,526.7856,296.77312,232.1856,212.32512,358.1856,273.4,233.32512,276.66304,570.57312,296.52512,445.371771392,273.6,296.52512,464.832,443.4848,232.5856,273.2,232.1856,380.0352,635.723264,379.5856,379.5856,441.2,253.0,338.77312,232.6256,338.948,485.46,232.6256,379.5856,337.22,317.77312,380.97312,380.0352,275.99808,317.10032,296.32352,296.77312
evaluateWeightedProduct,177.876,322.468,321.1,275.02752,369.6,435.1256,241.898,304.6,209.2,258.268,161.188,339.20752,261.889999667,194.228,177.58,386.956,355.7456,435.44256,241.62,209.2,193.44,177.58,208.2,176.6,401.64,226.578,176.6,161.58,272.8,208.3,177.912,210.468,435.428,225.38,339.56752,208.9,225.38,353.88,338.76,177.04,208.2,176.6,289.88,483.756,289.44,289.44,336.2,193.78,258.268,177.44,259.0976,370.4376,177.44,289.44,258.12,243.0276,290.378,289.88,210.808,241.38,226.268,226.578
count_k,133.24,242.1851008,241.28,206.47312,276.6,327.66032,180.84,229.3856,157.6432,194.1851008,120.54,254.57312,194.228,147.826060186,134.194688,289.58,265.54,325.54,181.935104,157.6432,145.8832,135.576045773,156.0,133.4432,301.6432,170.4446976,133.4432,122.194688,205.4432,156.2,134.194688,158.4446976,326.6446976,169.935104,254.57312,156.4,169.935104,266.432,254.2432,133.6432,156.0,133.4432,217.8432,364.06032,217.6432,217.6432,252.2,144.8,194.1851008,134.699986944,193.34,277.0,133.8832,217.6432,192.7,182.6446976,218.1851008,217.8432,158.5446976,181.810304,170.1934976,170.4446976
count_non_zeroes,122.24,221.935104,221.28,189.22512,253.4,301.10992,165.64,210.3856,144.4432,177.935104,110.54,234.21504,177.58,134.194688,124.576045773,265.58,242.94,298.34,166.935104,144.4432,133.6432,123.194688,143.0,122.4432,276.4432,156.194688,122.4432,112.194688,188.4432,143.2,123.194688,146.476416,299.394688,155.935104,233.32512,143.2,155.935104,244.432,232.8432,122.6432,143.0,122.4432,199.6432,334.06032,199.4432,199.4432,231.2,132.4,177.935104,122.6432,177.14,254.0,122.6432,199.4432,176.3,167.194688,199.935104,199.6432,145.294688,166.810304,155.943488,156.194688
sampleVariance,266.599999846,482.42,482.18,410.93,554.12,652.32,363.564704,456.6,312.92,386.752,242.65912,506.9,386.956,289.58,265.58,584.667560243,532.743104,654.4416,361.88,313.2,288.6,265.58,313.288,264.8,601.2,337.78,265.0,241.868,408.6,313.188,265.58,313.58,650.475,338.5805,507.34,313.38,338.42,529.4,506.28,264.7,313.488,264.8,433.44,727.0856,433.0,432.9,505.2,289.14,385.98,264.6,388.46768,556.502,264.6,433.2,386.337504,362.08,434.82,433.84,314.13,362.412,337.28,337.78
autoCorrelation,243.676,442.78,440.7,376.34,508.14,596.38,332.68752,418.6,287.24,354.672,221.2376,464.36,355.7456,265.54,242.94,532.743104,491.542479206,599.672416,330.94,287.56,265.0,242.94,286.84,242.6,552.04,309.94,242.4,220.94,374.4,286.5,242.94,287.54,596.195,309.8205,464.68,287.78,309.54,484.8,464.328,242.4,286.84,242.4,397.44,665.06752,397.24,397.24,462.4,265.78,353.94,243.0,354.9376,510.35952,243.0,397.54,355.5056,332.86,398.54,397.44,287.88,331.34,309.64,309.94
covariance,299.116,542.68,542.78,462.3564,623.66,733.2,407.42,513.4,352.488,434.93,271.25,570.2,435.44256,325.54,298.34,654.4416,599.672416,740.212399104,407.004,352.488,324.8,298.34,351.4,298.24,676.68,379.98,297.8,271.58,459.8,352.54,298.34,352.98,731.435,380.235,571.3064,352.38,380.38,595.968,569.088,298.064,351.4,297.8,488.328,815.728,487.928,487.704,568.2,325.74,433.98,297.6,435.84,625.8812,297.6,487.68,434.548,407.14,488.82,488.328,353.6764,406.85,379.28,379.98
find_magnitude,166.14,303.64936192,301.912,257.8274048,346.1,409.42928,225.64,286.7856,196.8736,242.1870208,150.74,317.52512,241.62,181.935104,166.935104,361.88,330.94,407.004,228.762379776,196.3856,181.7856,166.935104,195.1,166.3856,377.03712,212.1870208,166.2856,152.035104,256.3856,195.44,166.935104,197.1870208,407.4870208,211.935104,318.4674048,195.3,212.185024,333.5344,316.7856,167.38749696,195.1,166.2856,271.83712,454.16032,271.89729024,272.18749696,315.92,180.5,242.6969088,166.3856,241.58,347.128,166.5856,271.63712,240.5,227.135104,272.4466048,271.83712,197.53740416,227.469088,211.9371008,212.1870208
array_calc1,143.6,261.7856,261.04,222.3856,299.65,353.9712,195.74,248.8352,171.69469952,209.4856,130.4,274.3856,209.2,157.6432,144.4432,313.2,287.56,352.488,196.3856,172.259999642,158.0944,144.4432,169.3,145.6446976,327.3344,183.7432,144.69344,131.4432,223.194688,170.088,144.4432,170.6432,352.9432,183.43712,274.3856,169.54,183.5856,288.9232,276.49469952,144.6944,169.3,144.69344,237.33469952,392.79696,236.38464,236.38464,274.0,156.84,209.6856,144.6432,208.64,299.82,144.8944,236.884928,208.84,197.081536,235.4856,237.33469952,170.6432,196.1856,183.7432,183.7432
power,132.8,242.0256,241.04,205.6256,276.3,327.22272,180.4,230.08512,158.0944,193.6256,120.2,253.6256,193.44,145.8832,133.6432,288.6,265.0,324.8,181.7856,158.0944,147.009983795,133.6432,156.0,134.14624,302.0944,169.8832,133.6432,121.6432,206.14464,156.6,133.6432,157.8832,326.0832,169.3856,253.6256,156.2,169.83712,267.1712,254.8944,133.94464,156.0,133.6432,218.6944,362.5712,218.0944,218.0944,252.8,144.8,194.0656,133.943488,192.4,276.4,134.194688,218.0944,192.4,182.2832,217.6256,218.6944,157.8832,181.3856,169.8832,169.8832
cnt_zeroes,122.24,221.935104,221.28,189.22512,253.4,300.66032,165.64,210.3856,144.4432,177.935104,110.54,233.32512,177.58,135.576045773,123.194688,265.58,242.94,298.34,166.935104,144.4432,133.6432,124.576045773,143.0,122.4432,276.4432,156.194688,122.4432,112.194688,188.4432,143.2,123.194688,145.194688,299.394688,155.935104,233.32512,143.2,155.935104,244.432,232.8432,122.6432,143.0,122.4432,199.6432,334.06032,199.4432,199.4432,231.2,132.4,177.935104,123.459986944,177.14,254.0,122.6432,199.4432,176.3,167.194688,199.935104,199.6432,145.294688,166.810304,155.943488,156.194688
max,143.2,260.6,261.64,221.3,299.84,351.0,196.088,247.4,169.3,208.2,131.236,273.6,208.2,156.0,143.0,313.288,286.84,351.4,195.1,169.3,156.0,143.0,172.582705971,143.2,325.6,182.2,143.4,130.2,221.0,170.28,143.0,169.0,351.4,182.1,273.3,170.82752,182.0,286.2,274.0,143.1,171.64349952,143.64,234.8,390.84,234.4,234.3,275.408,156.3,208.2,143.0,208.988,300.04,143.0,234.3,210.06752,195.2,234.2,234.8,169.1,195.1,182.2,182.2
array_copy,121.6,221.3856,221.04,188.1856,253.3,300.473024,165.4,211.0752,145.6446976,177.1856,110.4,232.1856,176.6,133.4432,122.4432,264.8,242.6,298.24,166.3856,145.6446976,134.14624,122.4432,143.2,124.159999693,276.8944,155.4432,122.89344,111.4432,189.394688,144.528,122.4432,144.4432,298.6432,155.1856,232.1856,143.2,155.887424,245.1232,234.4949376,122.6944,143.2,122.89344,201.7349376,332.3712,200.34464,200.34464,232.24,132.64,177.3856,122.4432,176.4,253.6,122.6944,200.34464,176.2,166.4432,199.1856,201.7349376,144.4432,166.1856,155.4432,155.4432
chebyshevDistance,275.6,503.607424,501.44,426.83712,575.54,677.9712,376.72,476.6352,327.1344,402.327424,250.4,526.7856,401.64,301.6432,276.4432,601.2,552.04,676.68,377.03712,327.3344,302.0944,276.4432,325.6,276.8944,632.950400717,353.0830848,276.6944,251.4432,426.8944,325.4,276.4432,327.09472,678.2830848,351.3856,527.23712,325.94,351.3856,554.128448,527.9344,277.14624,326.04,276.4432,452.78624,753.1712,453.08384,453.08384,526.0,300.6,403.2750848,276.6432,401.04,577.2,277.39584,453.329024,401.92,377.2432,452.8254848,452.78624,327.09472,376.5856,353.0830848,353.0830848
distance1,155.24,283.127404032,281.48,240.725024,322.6,381.88132,211.5776,267.3856,183.6432,226.687404032,140.54,296.77312,226.578,170.4446976,156.194688,337.78,309.94,379.98,212.1870208,183.7432,169.8832,156.194688,182.2,155.4432,353.0830848,199.509996442,155.4432,142.194688,239.4432,182.2,156.444928,184.69661696,381.597077606,198.035104,297.025024,182.6,197.935104,310.9344,296.2432,155.89472,182.2,155.4432,254.09472,424.46032,253.89472,253.89472,294.2,168.8,226.937480806,155.8832,225.54,323.8,155.8832,254.019872,225.34,213.0949376,255.249999667,254.09472,184.79661696,211.910304,199.145480806,199.509996442
find_min,121.8,221.1856,222.24,188.4856,253.2,299.7712,165.4,210.3856,144.79344,177.1856,110.52,232.1856,176.6,133.4432,122.4432,265.0,242.4,297.8,166.2856,144.69344,133.6432,122.4432,143.4,122.89344,276.6944,155.4432,124.07508695,111.6432,188.69344,143.6,122.4432,144.4432,298.6432,155.1856,232.4856,143.3,155.3856,244.73344,233.7953408,122.5432,143.84,123.194688,200.33344,332.5712,199.89344,199.79344,231.8,132.888,177.1856,122.4432,176.5,253.6,123.009602867,199.69344,176.2,166.4432,199.1856,201.01344,144.5432,166.2856,155.4432,155.4432
add_values,111.528,201.935104,202.368,172.58504,230.62,273.66032,150.64,191.3856,131.56896,161.935104,100.65,212.32512,161.58,122.194688,112.194688,241.868,220.94,271.58,152.035104,131.4432,121.6432,112.194688,130.2,111.4432,251.4432,142.194688,111.6432,102.509986918,171.4432,130.2,112.194688,132.194688,272.394688,141.935104,212.64512,130.44,141.935104,222.432,211.8432,111.7432,130.2,111.6432,181.6432,304.375199795,181.6432,181.5432,210.6,120.64,161.935104,111.6432,161.25,231.21,111.6432,181.4432,160.3,152.194688,181.935104,181.6432,132.404688,151.951903334,141.943488,142.194688
calculateAbsoluteDifferences,187.6,341.3856,341.04,290.1856,391.5,461.9712,255.2,324.8352,223.194688,273.1856,170.2,358.1856,272.8,205.4432,188.4432,408.6,374.4,459.8,256.3856,223.194688,206.14464,188.4432,221.0,189.394688,426.8944,239.4432,188.69344,171.4432,294.049600205,221.84,188.69472,222.4432,461.0432,239.1856,358.1856,221.0,239.5856,376.9232,359.794688,188.6944,221.0,188.69344,308.834688,512.3712,307.94464,307.94464,357.8,204.44,273.6256,188.8432,272.2,391.4,188.6944,307.94464,272.0,256.4432,307.1856,308.834688,222.4432,256.1856,239.4432,239.4432
reverse,143.4,260.44,260.4,221.3,299.7,352.588,195.888,247.84,170.088,208.2,131.008,273.4,208.3,156.2,143.2,313.188,286.5,352.54,195.44,170.088,156.6,143.2,170.28,144.528,325.4,182.2,143.6,130.2,221.84,172.700015002,143.2,169.2,351.2,182.2,273.4,170.576,182.888,287.2,274.728,143.2,170.48,143.4,235.928,390.5,234.8,234.8,275.2176,156.6,208.44,143.0,209.188,299.6,143.2,234.8,209.972,195.2,234.4,236.416,169.3,195.3,182.0,182.2
sumOfLogarithms,122.24,221.935104,221.28,189.22512,253.4,300.77032,165.88,210.3856,144.4432,177.935104,110.54,233.32512,177.912,134.194688,123.194688,265.58,242.94,298.34,166.935104,144.4432,133.6432,123.194688,143.0,122.4432,276.4432,156.444928,122.4432,112.194688,188.69472,143.2,123.759984333,145.194688,300.034688,155.935104,233.32512,143.2,155.935104,244.432,232.8432,122.6432,143.0,122.4432,199.6432,334.06032,199.4432,199.4432,231.2,132.4,177.935104,122.6432,177.14,254.0,122.6432,199.4432,176.3,167.444928,200.185024,199.6432,145.294688,166.810304,156.143488,156.444928
hamming_dist,144.24,262.63702016,261.48,223.725024,299.6,355.10992,195.84,248.3856,170.6432,210.43702016,130.54,276.66304,210.468,158.4446976,146.476416,313.58,287.54,352.98,197.1870208,170.6432,157.8832,145.194688,169.0,144.4432,327.09472,184.69661696,144.4432,132.194688,222.4432,169.2,145.194688,173.074808525,353.89661696,183.935104,276.025024,169.4,183.935104,288.9344,275.2432,144.89472,169.0,144.4432,236.09472,394.06032,235.89472,235.89472,273.2,156.8,210.43702016,144.8832,209.54,300.4,144.8832,235.89472,208.9,197.6446976,236.43702016,236.09472,171.79661696,196.810304,184.44509696,184.69661696
computeCanberraDistance,298.44,543.477404032,541.88,461.925024,622.1,733.26032,406.92,514.5856,352.9432,435.012402432,270.98,570.57312,435.428,326.6446976,299.394688,650.475,596.195,731.435,407.4870208,352.9432,326.0832,299.394688,351.4,298.6432,678.2830848,381.597077606,298.6432,272.394688,461.0432,351.2,300.034688,353.89661696,738.665628979,380.485024,570.225024,351.6,380.135104,597.1344,570.3232,299.19472,351.4,298.6432,488.73472,814.91532,488.69472,488.59472,567.6,325.0,435.137480806,299.0832,433.98,623.155,299.0832,488.619872,433.395,408.2446976,489.337480806,488.73472,353.99661696,407.110304,381.345480806,381.597077606
harmonicMean,155.24,282.190104,281.08,240.42512,322.5,381.86032,211.38,267.128,183.1856,227.18474048,140.74,296.52512,225.38,169.935104,155.935104,338.5805,309.8205,380.235,211.935104,183.43712,169.3856,155.935104,182.1,155.1856,351.3856,198.035104,155.1856,141.935104,239.1856,182.2,155.935104,183.935104,380.485024,199.51246039,296.52512,182.3,198.947064832,310.232,295.5856,155.3856,182.1,155.1856,253.3856,426.1200264,253.1856,253.1856,294.2,168.4,226.035104,155.3856,225.54,323.6805,155.3856,253.3856,224.5605,212.0610624,254.723104,253.3856,184.035104,212.250304,197.785504,198.035104
weightedRMS,232.76,423.425024,423.8831,362.960015347,486.332,571.9702208,316.44,400.128,274.9856,339.225024,211.82,445.371771392,339.56752,254.57312,233.32512,507.34,464.68,571.3064,318.4674048,274.3856,253.6256,233.32512,273.3,232.1856,527.23712,297.025024,232.4856,212.64512,358.1856,273.4,233.32512,276.025024,570.225024,296.52512,449.421998694,274.242,296.52512,465.3344,442.9856,233.527424,273.3,232.4856,380.03712,636.368224,380.182272,380.527424,442.42,253.642,339.025024,232.6256,340.024,488.3336,232.6256,379.83712,337.74,317.77312,381.225024,380.03712,277.365480192,318.08032,296.575104,297.025024
evaluateHoners,143.44,261.0,261.684,221.974,300.419,351.5,196.08,247.4,169.54,208.6,130.8764,273.6,208.9,156.4,143.2,313.38,287.78,352.38,195.3,169.54,156.2,143.2,170.82752,143.2,325.94,182.6,143.3,130.44,221.0,170.576,143.2,169.4,351.6,182.3,274.242,172.300015002,182.2,286.3,273.64,143.1,170.92752,143.2,234.44,391.38,234.64,234.54,274.968,157.088,208.6,143.2,209.29,300.55,143.3,234.54,210.92550016,195.8,234.6,234.44,169.61,195.21,182.4,182.6
average,155.24,282.185024,281.08,240.42512,322.6,382.62519977,211.28,267.768,183.5856,226.947064832,140.74,296.52512,225.38,169.935104,155.935104,338.42,309.54,380.38,212.185024,183.5856,169.83712,155.935104,182.0,155.887424,351.3856,197.935104,155.3856,141.935104,239.5856,182.888,155.935104,183.935104,380.135104,198.947064832,296.52512,182.2,199.51246039,311.032,296.2256,155.5856,182.0,155.3856,254.2256,425.8336064,253.5856,253.5856,294.84,168.6,226.185024,155.3856,225.54,323.4,155.5856,253.5856,224.3,211.935104,254.623104,254.2256,184.035104,212.250304,197.685504,197.935104
selection_sort,243.2,443.9344,442.63712,376.9344,506.7,599.664,330.6,421.456,288.9232,354.7344,220.4,464.832,353.88,266.432,244.432,529.4,484.8,595.968,333.5344,288.9232,267.1712,244.432,286.2,245.1232,554.128448,310.9344,244.73344,222.432,376.9232,287.2,244.432,288.9344,597.1344,310.232,465.3344,286.3,311.032,493.250906726,465.9632,245.47424,286.4,244.232,400.02624,664.664,399.42624,399.42624,464.0,264.4,355.5344,244.28,353.0,507.6,245.772928,399.42624,352.6,332.432,398.9344,400.276544,288.9344,332.432,310.9344,310.9344
clip,232.0,422.1856,421.64,358.9856,483.74,571.2112,317.12,401.6752,276.49469952,337.9856,211.48,443.4848,338.76,254.2432,232.8432,506.28,464.328,569.088,316.7856,276.49469952,254.8944,232.8432,274.0,234.4949376,527.9344,296.2432,233.7953408,211.8432,359.794688,274.728,232.8432,275.2432,570.3232,295.5856,442.9856,273.64,296.2256,465.9632,449.493765325,233.0944,274.0,233.73344,384.37587712,633.1712,381.18464,381.18464,443.52,253.88,338.1856,233.2432,337.92,484.0,233.996608,381.18464,337.288,317.6832,379.9856,384.26781952,275.2432,316.5856,296.2432,296.2432
square,121.9,222.27712,221.872,188.987424,253.7,299.7712,165.2,210.88512,145.194688,177.63712,110.4,232.5856,177.04,133.6432,122.6432,264.7,242.4,298.064,167.38749696,144.6944,133.94464,122.6432,143.1,122.6944,277.14624,155.89472,122.5432,111.7432,188.6944,143.2,122.6432,144.89472,299.19472,155.3856,233.527424,143.1,155.5856,245.47424,233.0944,123.759919821,143.1,122.5432,200.14624,332.6712,200.212247034,200.509599846,231.92,132.3,177.83712,122.69344,176.64,254.528,122.94464,199.94624,176.2,166.6432,199.63712,200.14624,145.145024,166.5856,155.89472,155.89472
min,143.2,260.6,261.2,221.3,299.84,351.0,196.288,247.4,169.3,208.2,131.456,273.2,208.2,156.0,143.0,313.488,286.84,351.4,195.1,169.3,156.0,143.0,171.64349952,143.2,326.04,182.2,143.84,130.2,221.0,170.48,143.0,169.0,351.4,182.1,273.3,170.92752,182.0,286.4,274.0,143.1,172.982705971,143.2,234.4,390.84,234.4,234.3,274.48,156.2,208.2,143.0,209.188,300.04,143.2,234.3,210.26752,195.2,234.2,235.2,169.1,195.1,182.2,182.2
find_max,121.8,221.1856,222.72,188.4856,253.2,299.7712,165.2,210.3856,144.79344,177.1856,110.3,232.1856,176.6,133.4432,122.4432,264.8,242.4,297.8,166.2856,144.69344,133.6432,122.4432,143.64,122.89344,276.4432,155.4432,123.194688,111.6432,188.69344,143.4,122.4432,144.4432,298.6432,155.1856,232.4856,143.2,155.3856,244.232,233.73344,122.5432,143.2,124.07508695,201.01344,332.5712,199.89344,199.79344,232.968,132.988,177.1856,122.4432,176.3,253.6,122.4432,199.69344,176.0,166.4432,199.1856,200.33344,144.5432,166.2856,155.4432,155.4432
elementwise_max,198.8,362.23712,361.84,307.83712,414.54,490.2112,271.08,344.4752,237.33469952,289.83712,180.84,380.0352,289.88,217.8432,199.6432,433.44,397.44,488.328,271.83712,237.33469952,218.6944,199.6432,234.8,201.7349376,452.78624,254.09472,200.33344,181.6432,308.834688,235.928,199.6432,236.09472,488.73472,253.3856,380.03712,234.44,254.2256,400.02624,384.37587712,200.14624,234.4,201.01344,331.104848384,542.7712,327.276544,327.276544,380.72,217.48,290.03712,199.8432,289.28,415.2,200.0944,327.276544,288.84,272.0432,325.83712,329.628808192,236.09472,271.3856,254.09472,254.09472
variance,333.028,605.34032,603.348,515.958224,692.32,818.818624,453.18,572.456,392.49696,486.3656064,302.15,635.723264,483.756,364.06032,334.06032,727.0856,665.06752,815.728,454.16032,392.79696,362.5712,334.06032,390.84,332.3712,753.1712,424.46032,332.5712,304.375199795,512.3712,390.5,334.06032,394.06032,814.91532,426.1200264,636.368224,391.38,425.8336064,664.664,633.1712,332.6712,390.84,332.5712,542.7712,915.686698496,542.5712,542.4712,630.8,361.14,484.46032,332.5712,484.338,695.187504,332.5712,542.7712,482.2776,454.61216,545.58832,542.7712,394.62024,454.932312141,423.86112,424.46032
ebeAdd,198.8,362.15712,362.528,307.962272,414.84,488.9712,270.64,343.8352,236.622272,289.63712,180.5,379.5856,289.44,217.6432,199.4432,433.0,397.24,487.928,271.89729024,236.38464,218.0944,199.4432,234.4,200.34464,453.08384,253.89472,199.89344,181.6432,307.94464,234.8,199.4432,235.89472,488.69472,253.1856,380.182272,234.64,253.5856,399.42624,381.18464,200.212247034,234.4,199.89344,327.276544,542.5712,328.509919642,328.212555923,379.64,217.04,289.83712,199.6432,288.96,415.352,199.8944,327.94653993,288.84,271.8432,325.63712,327.276544,236.019872,271.2856,253.89472,253.89472
ebeMultiply,198.7,362.27712,361.872,307.987424,415.14,488.9712,270.64,343.8352,236.884928,289.63712,180.6,379.5856,289.44,217.6432,199.4432,432.9,397.24,487.704,272.18749696,236.38464,218.0944,199.4432,234.3,200.34464,453.08384,253.89472,199.79344,181.5432,307.94464,234.8,199.4432,235.89472,488.59472,253.1856,380.527424,234.54,253.5856,399.42624,381.18464,200.509599846,234.3,199.79344,327.276544,542.4712,328.212555923,328.509919642,379.32,216.94,289.83712,199.6432,289.08,415.728,199.8944,327.94653993,288.84,271.8432,325.63712,327.276544,236.145024,271.3856,253.89472,253.89472
bubble,231.6,420.72,424.7456,358.2,484.55,568.24,315.84,400.68,274.32,336.2,211.04,441.2,336.2,252.2,231.2,505.2,462.4,568.2,315.92,274.0,252.8,231.2,275.408,232.24,526.0,294.2,231.8,210.6,357.8,275.2176,231.2,273.2,567.6,294.2,442.42,274.968,294.84,464.0,443.52,231.92,274.48,232.968,380.72,630.8,379.64,379.32,449.178983117,253.684,336.6,231.2,336.8,484.3,231.8,379.0,337.368,315.2,378.2,379.64,273.4,315.4,294.2,294.2
polevl,132.64,240.8,242.204,205.374,276.931,325.3,180.8,228.8,156.94,192.8,120.41,253.0,193.78,144.8,132.4,289.14,265.78,325.74,180.5,156.84,144.8,132.4,156.3,132.64,300.6,168.8,132.888,120.64,204.44,156.6,132.4,156.8,325.0,168.4,253.642,157.088,168.6,264.4,253.88,132.3,156.2,132.988,217.48,361.14,217.04,216.94,253.684,147.450012467,192.8,132.6,193.21,276.91,132.6,216.84,193.14,181.24,216.8,217.48,157.01,180.41,168.6,168.8
manhattan_dist,177.04,323.637317632,321.28,274.725024,368.7,436.78112,241.28,305.7856,209.5856,258.687404032,160.54,338.77312,258.268,194.1851008,177.935104,385.98,353.94,433.98,242.6969088,209.6856,194.0656,177.935104,208.2,177.3856,403.2750848,226.937480806,177.1856,161.935104,273.6256,208.44,177.935104,210.43702016,435.137480806,226.035104,339.025024,208.6,226.185024,355.5344,338.1856,177.83712,208.2,177.1856,290.03712,484.46032,289.83712,289.83712,336.6,192.8,260.01199575,177.6256,257.54,369.8,177.8256,289.962272,257.34,242.5851008,291.197077606,290.03712,210.53702016,242.169088,226.687484006,226.937480806
sequential_search,121.8,221.6256,221.04,188.6256,253.4,299.5712,165.4,210.43552,144.6432,177.6256,110.2,232.6256,177.44,134.699986944,122.6432,264.6,243.0,297.6,166.3856,144.6432,133.943488,123.459986944,143.0,122.4432,276.6432,155.8832,122.4432,111.6432,188.8432,143.0,122.6432,144.8832,299.0832,155.3856,232.6256,143.2,155.3856,244.28,233.2432,122.69344,143.0,122.4432,199.8432,332.5712,199.6432,199.6432,231.2,132.6,177.6256,123.760386355,176.4,253.4,122.943488,199.6432,176.4,167.0832,199.6256,199.8432,144.8832,166.3856,155.8832,155.8832
weightedMean,177.41,321.74,321.43,274.986,370.12,434.748,242.87312,304.2,208.84,257.94,162.53952,338.948,259.0976,193.34,177.14,388.46768,354.9376,435.84,241.58,208.64,192.4,177.14,208.988,176.4,401.04,225.54,176.5,161.25,272.2,209.188,177.14,209.54,433.98,225.54,340.024,209.29,225.54,353.0,337.92,176.64,209.188,176.3,289.28,484.338,288.96,289.08,336.8,193.21,257.54,176.4,261.251999539,371.5856,176.4,288.84,258.34256,241.54,289.94,289.68,210.2976,241.48,225.04,225.54
durbinWatson,254.986,463.28,462.7844,394.518,531.92,623.54,346.888,437.8,300.24,370.332,231.828,485.46,370.4376,277.0,254.0,556.502,510.35952,625.8812,347.128,299.82,276.4,254.0,300.04,253.6,577.2,323.8,253.6,231.21,391.4,299.6,254.0,300.4,623.155,323.6805,488.3336,300.55,323.4,507.6,484.0,254.528,300.04,253.6,415.2,695.187504,415.352,415.728,484.3,276.91,369.8,253.4,371.5856,536.88999936,253.4,415.2,370.868,346.44,416.2,415.2,301.4776,346.74,323.4,323.8
set_min_val,121.8,221.8256,221.04,188.6256,253.3,299.7712,165.6,210.88512,144.8944,177.6256,110.2,232.6256,177.44,133.8832,122.6432,264.6,243.0,297.6,166.5856,144.8944,134.194688,122.6432,143.0,122.6944,277.39584,155.8832,123.009602867,111.6432,188.6944,143.2,122.6432,144.8832,299.0832,155.3856,232.6256,143.3,155.5856,245.772928,233.996608,122.94464,143.2,122.4432,200.0944,332.5712,199.8944,199.8944,231.8,132.6,177.8256,122.943488,176.4,253.4,124.07508695,199.8944,176.4,167.0832,199.6256,200.2944,144.8832,166.3856,155.8832,155.8832
ebeDivide,198.6,362.282272,361.24,307.63712,414.65,488.9712,270.74,343.8352,236.38464,289.762272,180.4,379.5856,289.44,217.6432,199.4432,433.2,397.54,487.68,271.63712,236.884928,218.0944,199.4432,234.3,200.34464,453.329024,254.019872,199.69344,181.4432,307.94464,234.8,199.4432,235.89472,488.619872,253.3856,379.83712,234.54,253.5856,399.42624,381.18464,199.94624,234.3,199.69344,327.276544,542.7712,327.94653993,327.94653993,379.0,216.84,289.962272,199.6432,288.84,415.2,199.8944,328.509919642,289.06,272.0532,325.762272,327.276544,235.89472,271.1856,254.019872,254.019872
evaluateNewton,176.3,322.428,320.7,273.2,369.688,432.94,241.828,304.4,208.64,257.4764,161.208,337.22,258.12,192.7,176.3,386.337504,355.5056,434.548,240.5,208.84,192.4,176.3,210.06752,176.2,401.92,225.34,176.2,160.3,272.0,209.972,176.3,208.9,433.395,224.5605,337.74,210.92550016,224.3,352.6,337.288,176.2,210.26752,176.0,288.84,482.2776,288.84,288.84,337.368,193.14,257.34,176.4,258.34256,370.868,176.4,289.06,261.050000077,241.54,289.34,289.24,209.24,240.3,225.04,225.34
sumOfPowerOfDeviations,166.24,302.9851008,301.28,257.67312,346.0,408.77032,226.48,286.3856,196.8432,242.5851008,150.54,317.77312,243.0276,182.6446976,167.194688,362.08,332.86,407.14,227.135104,197.081536,182.2832,167.194688,195.2,166.4432,377.2432,213.0949376,166.4432,152.194688,256.4432,195.2,167.444928,197.6446976,408.2446976,212.0610624,317.77312,195.8,211.935104,332.432,317.6832,166.6432,195.2,166.4432,272.0432,454.61216,271.8432,271.8432,315.2,181.24,242.5851008,167.0832,241.54,346.44,167.0832,272.0532,241.54,229.159998976,272.8350208,272.0432,197.7446976,226.810304,212.7934976,213.0949376
mean_absolute_error,199.48,363.387000832,361.28,308.925024,414.7,490.60004,272.2176,343.3856,235.3856,291.375404032,180.74,380.97312,290.378,218.1851008,199.935104,434.82,398.54,488.82,272.4466048,235.4856,217.6256,199.935104,234.2,199.1856,452.8254848,255.249999667,199.1856,181.935104,307.1856,234.4,200.185024,236.43702016,489.337480806,254.723104,381.225024,234.6,254.623104,398.9344,379.9856,199.63712,234.2,199.1856,325.83712,545.58832,325.63712,325.63712,378.2,216.8,291.197077606,199.6256,289.94,416.2,199.6256,325.762272,289.34,272.8350208,328.51249152,325.83712,236.53702016,272.921266432,254.887484006,255.249999667
elementwise_min,198.8,362.23712,361.44,307.83712,414.54,490.2112,271.48,344.4752,237.33469952,289.83712,181.24,380.0352,289.88,217.8432,199.6432,433.84,397.44,488.328,271.83712,237.33469952,218.6944,199.6432,234.8,201.7349376,452.78624,254.09472,201.01344,181.6432,308.834688,236.416,199.6432,236.09472,488.73472,253.3856,380.03712,234.44,254.2256,400.276544,384.26781952,200.14624,235.2,200.33344,329.628808192,542.7712,327.276544,327.276544,379.64,217.48,290.03712,199.8432,289.68,415.2,200.2944,327.276544,289.24,272.0432,325.83712,331.104848384,236.09472,271.3856,254.09472,254.09472
dot_product,144.45,262.73702016,262.11,224.43548096,300.48,355.11024,195.94,248.3856,170.8432,210.53702016,130.98,275.99808,210.808,158.5446976,145.294688,314.13,287.88,353.6764,197.53740416,170.6432,157.8832,145.294688,169.1,144.4432,327.09472,184.79661696,144.5432,132.404688,222.4432,169.3,145.294688,171.79661696,353.99661696,184.035104,277.365480192,169.61,184.035104,288.9344,275.2432,145.145024,169.1,144.5432,236.09472,394.62024,236.019872,236.145024,273.4,157.01,210.53702016,144.8832,210.2976,301.4776,144.8832,235.89472,209.24,197.7446976,236.53702016,236.09472,172.45999657,197.250304,184.44509696,184.79661696
geometric_mean,166.512,302.269088,301.492,257.5528,346.18,409.46784,226.04,286.3856,196.43712,242.250304,151.08,317.10032,241.38,181.810304,166.810304,362.412,331.34,406.85,227.469088,196.1856,181.3856,166.810304,195.1,166.1856,376.5856,211.910304,166.2856,151.951903334,256.1856,195.3,166.810304,196.810304,407.110304,212.250304,318.08032,195.21,212.250304,332.432,316.5856,166.5856,195.1,166.2856,271.3856,454.932312141,271.2856,271.3856,315.4,180.41,242.169088,166.3856,241.48,346.74,166.3856,271.1856,240.3,226.810304,272.921266432,271.3856,197.250304,228.762482688,211.785504,211.910304
distanceInf,155.04,282.877420032,281.24,240.375104,322.4,381.26112,211.28,267.3856,183.6432,226.437420032,140.44,296.32352,226.268,170.1934976,155.943488,337.28,309.64,379.28,211.9371008,183.7432,169.8832,155.943488,182.2,155.4432,353.0830848,199.145480806,155.4432,141.943488,239.4432,182.0,156.143488,184.44509696,381.345480806,197.785504,296.575104,182.4,197.685504,310.9344,296.2432,155.89472,182.2,155.4432,254.09472,423.86112,253.89472,253.89472,294.2,168.6,226.687484006,155.8832,225.04,323.4,155.8832,254.019872,225.04,212.7934976,254.887484006,254.09472,184.44509696,211.785504,199.509996442,199.145480806
manhattanDistance,155.24,283.127404032,281.48,240.725024,322.6,381.88132,211.5776,267.3856,183.6432,226.687404032,140.54,296.77312,226.578,170.4446976,156.194688,337.78,309.94,379.98,212.1870208,183.7432,169.8832,156.194688,182.2,155.4432,353.0830848,199.509996442,155.4432,142.194688,239.4432,182.2,156.444928,184.69661696,381.597077606,198.035104,297.025024,182.6,197.935104,310.9344,296.2432,155.89472,182.2,155.4432,254.09472,424.46032,253.89472,253.89472,294.2,168.8,226.937480806,155.8832,225.54,323.8,155.8832,254.019872,225.34,213.0949376,255.249999667,254.09472,184.79661696,211.910304,199.145480806,199.509996442
