min,0.0370192722635,0.0192781479943,1.05681319439e-06,3.52695540559e-06,8.11720111638e-06,0.00177103853964,0.00595271009934,0.00169236466164,3.62510910938e-06,2.25071606198e-08,2.76865210852e-06,2.04776968326e-08,2.25318727598e-06,1.2539903807e-08,1.25313328877e-08,7.64706018547e-07,1.94435802308e-06,3.06103366356e-06,9.26292372429e-07,2.4159377524e-06,1.14374514058e-06,2.83777132449e-06,2.23556153846e-08,1.76410958217e-06,1.94435802308e-06,1.93465e-08,1.63775650888e-08,7.53791035503e-07,1.48916183432e-08,1.49565715976e-06,7.28995137388e-07,1.72560154481e-06,1.06124866432e-08,1.19115769231e-08,1.94625996538e-06,2.27844910325e-08,1.73915939923e-08,0.00550371259454,3.97288865685e-06,0.00642792962284,1.68907642642e-06,7.59483215615e-07,6.00823893842e-09,0.00203849603671,4.07700637045e-06,2.98933747259e-07,5.28507288287e-06,0.00053124346691,1.68936849386e-06,2.08956804184e-06,0.000949376726821,1.11817253593e-06,1.69542599716e-06,2.34541809168e-06,1.74908385186e-06,7.14428873626e-07,1.84076224176e-06,1.8462622674e-06,1.50537735043e-08,2.27502963801e-08,2.30693669843e-06,1.93723653846e-08,0.00184803855155,1.93536706731e-08,3.72789316459e-06,3.69771395391e-06,1.4275597166e-08,1.0144823137e-06,2.44223724696e-08,2.04259246964e-06,2.3937985348e-08,3.86183049451e-08,3.69793064469e-06,1.94625996538e-06,1.81994343891e-08,2.57702749288e-08,1.23595891608e-08,1.18280986622e-08,1.10928333333e-08,4.54534422851e-06,2.39233479853e-08,1.09805606685e-06,4.29773606263e-06,1.08648830769e-08,8.83252097902e-09,1.55087958923e-06,1.3740830505e-06,1.67669987179e-08,1.6381954142e-08,8.19048387821e-07,1.25114684482e-08,3.32969055276e-08,1.15641374521e-06,6.1337000884e-06,1.31133915751e-08,1.31133915751e-08,2.2197575411e-08,2.2197575411e-08,1.88168779264e-08,2.32367226554e-08
max,0.0192781479943,0.0370163018316,1.05681319439e-06,3.52695540559e-06,8.11720111638e-06,0.00177103327742,0.00595270712599,0.00169236130046,3.62510910938e-06,2.33242999713e-06,2.76865210852e-06,2.04776968326e-08,2.25318727598e-06,1.2539903807e-08,1.25313328877e-08,7.5998402462e-07,1.94435802308e-06,2.05275906828e-08,9.28795719419e-07,2.4159377524e-06,1.14374514058e-06,2.83777132449e-06,2.23556153846e-08,1.76410958217e-06,1.94435802308e-06,1.93465e-08,1.63775650888e-08,7.53791035503e-07,1.48916183432e-08,1.49565715976e-06,1.00022485846e-06,1.72560154481e-06,1.06179280357e-08,1.19115769231e-08,1.94625996538e-06,2.27844910325e-08,1.73915939923e-08,0.00550370709089,1.21539857296e-06,0.00642792640171,1.68907642642e-06,7.59483215615e-07,7.83973893842e-09,6.11344967004e-06,4.07700637045e-06,2.98939038597e-07,5.28507288287e-06,0.00132600122765,1.68936849386e-06,2.08956804184e-06,0.000949374839404,1.11817253593e-06,1.69542599716e-06,2.34541809168e-06,1.74908385186e-06,7.14428873626e-07,1.84076224176e-06,1.8462622674e-06,1.50537735043e-08,2.27502963801e-08,2.30693669843e-06,2.51511961538e-08,0.00184803487026,1.93536706731e-08,0.000747079923685,8.82207291738e-07,1.4275597166e-08,2.0055538557e-08,2.44223724696e-08,2.04259246964e-06,1.29526446886e-08,2.76073489011e-08,2.94361446886e-08,1.94625996538e-06,1.81994343891e-08,2.57702749288e-08,1.23595891608e-08,1.18280986622e-08,1.10928333333e-08,4.54534422851e-06,3.69241784799e-06,3.27298732234e-06,4.29773606263e-06,1.47194861538e-08,8.83252097902e-09,1.55087958923e-06,1.37135903216e-06,1.67669987179e-08,1.6381954142e-08,8.19048387821e-07,1.25114684482e-08,3.25425187526e-08,3.63904735914e-06,3.65106647446e-06,1.31133915751e-08,1.31133915751e-08,2.2197575411e-08,2.2197575411e-08,1.88168779264e-08,1.96082792591e-08
covariance,1.05681319439e-06,1.05681319439e-06,0.0255818642874,0.00616180443519,0.00348267742258,1.01939622469e-05,5.22051065904e-06,0.00178030920656,0.0126862716997,1.85624790819e-08,5.8392059305e-06,1.43618286502e-05,0.000362037201279,1.80101396745e-05,0.000802102861524,0.00101125149242,1.66133300892e-05,8.65643897405e-06,0.00122591621815,0.00507941651376,6.39935636014e-06,6.63250829055e-06,7.16089794026e-06,0.00124605206299,1.66133300892e-05,1.35677375162e-05,0.00105097518387,1.04361937505e-05,0.000530183077842,1.04398309647e-05,0.000189785231282,1.05940494855e-05,1.139828422e-05,7.31301750936e-06,1.35663733419e-05,0.00169841219933,6.90835746648e-06,8.08541214286e-06,0.00196494127314,0.00113883713716,1.88462130564e-05,0.0086518627244,2.99957844451e-06,2.87635385349e-06,2.87635385349e-06,8.88142136186e-06,0.00309096024728,2.52208308133e-06,0.000556129558558,0.000462311959921,0.0039728536364,0.000412955216731,0.000410710822594,0.000301541041985,0.000318826531721,0.0014643406572,1.48466657349e-05,9.07288066924e-06,9.05797632733e-06,0.000806087586194,0.00508739943851,8.49269018784e-06,5.20092566924e-06,1.52526658919e-05,2.61105802372e-06,2.4449391714e-06,4.30451885349e-06,0.000762929433437,0.00144172204304,7.16018813087e-06,3.9010157825e-06,1.21865984556e-08,3.89973521107e-06,1.35663733419e-05,9.58679765342e-06,1.40700148458e-05,0.000630273500338,1.41611572127e-05,1.54962757786e-05,3.24099796979e-06,3.89973521107e-06,1.00849842838e-05,0.00078833040158,5.69486744324e-07,8.65125833292e-06,1.43809825146e-05,0.000760991312756,7.24696030811e-06,8.34832939397e-06,0.0017038852937,1.03322340875e-05,4.24906054909e-06,7.88989665822e-06,7.88989665822e-06,1.05886344476e-05,1.05886344476e-05,8.75320023869e-06,8.75320023869e-06,1.4242892237e-05,0.00201670597511
durbinWatson,3.52695540559e-06,3.52695540559e-06,0.00616180443519,0.0275647907891,0.00946812318357,0.00138503732953,0.00233453273337,0.00397304130532,0.0113793017451,2.46964340656e-07,9.78505390584e-06,9.85487642959e-06,0.00186827889256,8.71860530349e-06,0.000449680841128,0.00473543148884,9.91529882121e-06,3.27962509091e-06,0.00574298248026,0.00759093948983,3.60863792792e-06,0.00148784515786,0.00160451131693,0.00139331486259,9.91529882121e-06,6.12288746212e-06,0.000588035684521,4.12366763287e-06,0.00117370117928,4.71049572145e-06,3.63402179474e-06,8.37908042441e-06,0.000462593729648,4.69766934848e-06,0.00152278423975,0.000644412100403,4.47297169644e-06,6.17907964935e-06,0.00137156744069,0.00127656831534,0.000669357840931,0.00521346212879,1.46701615835e-06,3.22421085008e-06,3.22421085008e-06,0.000118860443978,0.00277348085364,7.347269977e-07,0.000481309257407,0.000581274495664,0.00445162872681,0.00301934939441,0.00447422579378,0.0019475877965,0.0020784420859,0.00543648283581,0.000371612689377,1.23168798745e-05,3.41767121044e-06,0.0017950598871,0.00654823292699,4.97287451818e-06,0.00145096840075,8.58629861364e-06,2.36713302068e-06,3.40510401292e-06,3.23217417065e-06,5.61714952781e-06,0.00320739327545,0.00160370588473,2.92868934343e-06,1.09169978355e-08,4.37026940837e-06,0.00152278423975,0.00178792439427,1.12961804613e-05,0.0013891761229,8.62926449802e-06,7.98211144444e-06,1.25215350945e-05,4.37026940837e-06,0.000874493117799,0.00347668469387,1.54136328182e-06,7.63167802893e-06,7.94075247394e-06,0.000426967657213,3.07284633434e-06,3.53915070513e-06,0.00254898372318,6.54208976545e-06,0.000692679728972,0.000980498971975,0.000980498971975,5.20920291104e-06,5.20920291104e-06,5.90167672098e-06,5.90167672098e-06,8.73966560594e-06,0.00112860379384
lag1,8.11720111638e-06,8.11720111638e-06,0.00348267742258,0.00946812318357,0.0372600261258,0.00116789551373,2.99164643775e-06,0.00112129796928,0.0065138143189,4.35581708153e-07,3.47132426965e-06,3.06362032395e-06,0.000567227332749,7.30587914483e-06,1.93740763728e-06,1.39951155973e-06,5.18863234762e-06,3.52438811522e-06,1.71390658153e-06,0.00322277504804,2.29594460888e-06,5.97652853646e-06,0.00135226891776,1.17324684821e-05,5.18863234762e-06,5.25465926118e-06,2.52536091116e-06,2.49698519091e-06,3.04678937704e-06,2.99421695096e-06,4.93733523662e-06,3.93091442614e-06,2.58359305942e-06,1.01094355115e-06,0.00128594374982,0.000541565829039,5.99170960115e-06,1.28214652447e-05,0.000686235005021,1.7393857684e-05,8.5360370157e-06,0.00242543783025,1.80723054114e-06,1.37394632277e-06,1.37394632277e-06,7.80764086747e-06,1.2870683267e-05,7.05435509555e-07,0.000953552845243,6.58285512897e-06,0.00126430971353,1.01296115215e-05,2.25908615538e-06,0.000597667651287,7.26474758435e-06,7.84204824547e-06,8.04834552991e-06,9.27837182889e-06,1.46387324321e-06,3.14986455159e-06,0.00768223799889,4.21090043335e-06,2.4721933072e-06,3.24882797894e-06,7.8131791167e-07,4.33393764456e-06,1.38090824918e-06,1.60146996196e-06,4.10702249065e-06,0.00135294044461,1.2518554126e-06,1.96325618613e-06,1.25314531023e-06,0.00128594374982,3.05169946126e-06,0.00101653997502,4.71705141511e-06,7.36461312636e-06,2.48907759576e-06,3.06643347593e-06,1.25314531023e-06,4.83617588453e-06,0.00305864808535,2.88774799247e-06,1.78837456191e-06,4.16053696222e-06,0.000361689668862,2.6005428156e-06,1.99731538935e-06,9.39962006434e-06,3.69715153215e-06,0.000583947320641,0.000828821616043,0.000828821616043,2.47617505255e-06,2.47617505255e-06,1.68419037178e-06,1.68419037178e-06,3.38064972661e-06,0.00214509890624
meanDeviation,0.00177103853964,0.00177103327742,1.01939622469e-05,0.00138503732953,0.00116789551373,0.043411184021,0.0192535350597,0.0158399833373,0.00426993549396,1.92408490398e-08,6.11216917045e-06,1.33985671658e-05,0.00177445264833,1.16936057893e-05,6.74814219709e-06,6.63058572875e-06,0.00456138880489,1.09453879457e-05,7.04719051737e-06,2.88080704261e-06,0.00134498207938,1.11203997569e-05,0.00718662219051,1.45073722335e-05,0.00456138880489,2.04887980727e-05,1.05071629406e-05,0.000884630390236,1.05071498287e-05,0.00176050538849,8.18412305723e-06,0.000250629270547,7.52761123683e-06,0.00175702111222,0.00910229107536,9.54959571665e-06,9.2716967355e-06,1.30293725671e-05,9.05721471045e-06,0.00191292907989,1.38677315889e-05,0.00087084129836,2.18804838928e-06,2.40684721053e-06,2.40680658134e-06,7.97495578911e-06,0.00415604767388,3.91794030821e-06,0.00298690276421,0.00324621707999,0.00889416365603,9.34775421403e-06,8.50053850802e-06,0.00184613670239,9.01152360278e-06,1.05910774416e-05,9.77286615368e-06,2.60131464481e-05,7.62643213636e-06,8.0402823984e-06,0.002360223073,4.58310028409e-06,0.00651303263447,8.54845771307e-06,4.41530873131e-06,7.06122475284e-07,2.41160082536e-06,4.6835761435e-06,1.19929823923e-05,0.00838279203145,4.35512799784e-06,9.90123051948e-09,2.18629467316e-06,0.00910229107536,0.00535563387198,1.18343404074e-05,1.24402575351e-05,2.1786715747e-05,1.30196388636e-05,0.00268451886264,2.18194404978e-06,1.32800954419e-06,1.03814270072e-05,3.66104844818e-06,6.23983502893e-06,0.00365095107489,2.57816144625e-06,7.5955685697e-06,5.26234652273e-06,1.13997976723e-05,1.08397736463e-05,0.00311464988982,0.00440721593099,0.00440723436622,6.51128290022e-06,6.51128290022e-06,1.30868188785e-05,1.30868188785e-05,9.90150266583e-06,2.56867870904e-06
product,0.00595271009934,0.00595270712599,5.22051065904e-06,0.00233453273337,2.99164643775e-06,0.0192535350597,0.0651124438375,0.0150786388765,0.00481131620101,7.03139777228e-09,2.76797142033e-06,1.13575861946e-05,8.48841864782e-06,1.19930617392e-05,3.4978197246e-06,6.25358175805e-06,1.34981868e-05,5.13383593347e-06,7.54936660698e-06,1.20794015962e-05,3.49780729473e-06,1.1275881028e-05,0.00810731389901,1.22658376713e-05,1.34981868e-05,1.35077944923e-05,7.41729906213e-06,7.41728280769e-06,7.41729314497e-06,7.41728280769e-06,9.04002132775e-06,8.58481155174e-06,9.31218710247e-06,0.00296600602833,0.00769810396373,4.83589913755e-06,1.01067586979e-05,0.0018406997255,0.000340355152477,0.00482214750668,1.1727535388e-05,0.00145863779172,1.40237438145e-06,2.0709455668e-06,2.05474720648e-06,1.01668267438e-05,0.00527277456319,2.80983426115e-06,0.00120670701788,0.00145789686809,0.0112720723314,1.02250432426e-05,9.91895852321e-06,9.62925794826e-06,1.00774917625e-05,1.23861087775e-05,9.18143249084e-06,1.6533060707e-05,6.47660492735e-06,2.29652057466e-06,0.00265644827267,3.89047906154e-06,0.00918134809728,1.44520362885e-05,5.21609379598e-06,5.9627105495e-07,2.06284436437e-06,9.65166724015e-07,1.42065872874e-05,0.00810326935045,1.86825111355e-06,2.20771373626e-08,3.70156248718e-06,0.00769810396373,0.00905659063144,1.00029561197e-05,8.78158939161e-06,1.50903982575e-05,9.18876946886e-06,2.30555000905e-06,3.69788119048e-06,3.31432144035e-06,8.84975471501e-06,7.87800975385e-07,8.77983765035e-06,1.08031941108e-05,1.10580668125e-06,3.87189642308e-06,4.46459049112e-06,1.44440339071e-05,1.28508175957e-05,0.00351570901362,0.00497557862942,0.00497559073588,9.18882102491e-06,9.18882102491e-06,1.36010112197e-05,1.36010112197e-05,1.17341962055e-05,1.46740271843e-06
weightedMean,0.00169236466164,0.00169236130046,0.00178030920656,0.00397304130532,0.00112129796928,0.0158399833373,0.0150786388765,0.0434991059682,0.00273305310227,2.19054335769e-08,1.12943730217e-05,1.4116508e-05,0.00267667747573,1.60679101521e-05,5.79147011195e-06,0.00413807103057,1.31012231783e-05,4.63419932235e-06,0.00498971747521,8.20116466033e-06,3.87138253139e-06,0.002134188756,0.00458813516281,2.17866772194e-05,1.31012231783e-05,1.09197068826e-05,9.23341424916e-06,6.72253299833e-06,1.17392545502e-05,6.72253048997e-06,0.000746608914239,0.000977638581525,0.00185333974238,8.39976707692e-06,0.0043565588395,6.39874049083e-06,7.92402295271e-06,2.23075861863e-05,0.000811036198555,0.00455529811174,1.61144805293e-05,1.77552809782e-05,1.69166226551e-06,2.30907697025e-06,2.30904039359e-06,0.0011731813563,0.00694670466634,4.16800267408e-06,0.0020452386478,0.00247052221315,0.00850534052202,0.00465150438906,0.00382374262298,0.00278960349823,0.00297701831172,0.00468794072394,1.1429730176e-05,1.66202125797e-05,9.70788077536e-06,1.02635936522e-05,0.00150791840226,1.14686057043e-05,0.00416568853031,1.36332788641e-05,1.72380864112e-06,6.78393345385e-07,2.31818913043e-06,2.22091896844e-06,0.00459958364108,0.00458583996719,2.0995344472e-06,2.80298229814e-08,2.10263072671e-06,0.0043565588395,0.00256780832899,1.37432982593e-05,1.78390744289e-05,1.32959710473e-05,1.14359475549e-05,2.58839675703e-06,2.09847132919e-06,8.11988217236e-06,0.00130157425335,8.89279390435e-07,1.28884657668e-05,1.04949177548e-05,1.86190822493e-06,2.92764387101e-06,5.05192763211e-06,0.00364860790161,1.24594554021e-05,0.00198777388459,0.0028145310763,0.0028152260185,8.31791859576e-06,8.31791859576e-06,8.40352927735e-06,8.40352927735e-06,1.53347822598e-05,1.65435299626e-06
autoCorrelation,3.62510910938e-06,3.62510910938e-06,0.0126862716997,0.0113793017451,0.0065138143189,0.00426993549396,0.00481131620101,0.00273305310227,0.0293086290413,0.00095006414373,4.51298583371e-06,1.10718174559e-05,9.89965782628e-05,1.2958983926e-05,4.65499716394e-06,9.75847267366e-06,1.64579433375e-05,5.82004709359e-06,1.08493775475e-05,0.00587307918971,6.50103301136e-06,0.000392562966995,0.00493918270596,0.0028558744059,1.64579433375e-05,1.0995451925e-05,7.24411758053e-06,8.44963020312e-06,7.24651481611e-06,9.65816445793e-06,0.000177800963086,9.27703733264e-06,9.07429461549e-06,0.00120676693245,0.00469536497459,0.00131407691031,6.47504284716e-06,5.99565657589e-06,0.00227580594472,0.00391801313707,0.000695019145069,0.00718201736523,2.07330455806e-06,3.31917224178e-06,3.31917224178e-06,0.000122645352525,0.00428626361828,0.000209180110967,0.000709344458424,0.000602450585375,0.00611550583718,1.44368142126e-05,1.26327149225e-05,1.64509023913e-05,0.000360856692419,1.56714445737e-05,0.000386938367912,2.16258798348e-05,3.52965053125e-06,3.7188937261e-06,0.0100707073262,7.85087300937e-06,0.00149482156878,1.07852718418e-05,1.82074865686e-06,1.18378083346e-06,3.32904065296e-06,4.08126666713e-06,1.81284082747e-05,0.00494328960563,3.01646908482e-06,2.25459737277e-06,3.00903307589e-06,0.00469536497459,0.00368202586342,1.79966641424e-05,9.28138600852e-06,1.16101871766e-05,1.19502704494e-05,1.29174065993e-05,3.00903307589e-06,4.49648757646e-06,0.00269557234238,1.58763621125e-06,9.2813774858e-06,1.31820109888e-05,0.000440815059035,0.00104900062382,6.03855266707e-06,1.43718688529e-05,1.11937595225e-05,0.00284377865555,0.00302725219864,0.00302725219864,8.3275203247e-06,8.3275203247e-06,5.07051861048e-06,5.07051861048e-06,1.02224400762e-05,0.00174487611656
binarySearchFromTo,2.25071606198e-08,2.33242999713e-06,1.85624790819e-08,2.46964340656e-07,4.35581708153e-07,1.92408490398e-08,7.03139777228e-09,2.19054335769e-08,0.00095006414373,0.0686267556957,5.592050837e-07,8.14022044661e-09,1.04020258374e-08,1.38565531895e-08,7.54830788619e-09,1.3763800861e-08,1.22439936315e-08,5.5753330809e-09,7.86874652911e-07,4.8720109657e-09,2.79895895972e-09,9.22098618395e-09,7.62597386614e-09,1.71323098725e-08,1.22439936315e-08,9.89783779136e-09,9.82586572934e-09,3.61667482256e-09,6.71323996376e-09,3.61517867165e-09,3.21544797351e-06,8.75384380582e-09,1.20672277451e-08,1.06910748671e-10,4.69364434217e-09,1.40214656014e-08,1.61650799177e-08,1.80213780618e-06,5.79586671283e-07,2.55440310562e-06,9.99661082722e-09,7.09728918121e-07,1.29310500937e-08,9.48183010191e-09,2.77031183807e-09,1.64077245184e-08,0.00138155897122,0.000202637891631,1.46982932706e-08,1.02961217227e-08,1.15827423515e-08,1.37577364656e-08,1.93184739803e-08,9.6344722903e-09,7.71687301185e-09,1.95599730531e-08,6.60707031579e-09,2.89911124002e-06,1.68869297704e-06,6.67114918586e-09,1.06151771056e-06,2.03410229304e-05,2.55113804055e-08,8.64194787541e-09,1.32388702043e-05,3.29129542748e-06,1.6039562709e-06,1.56020074447e-06,1.36386077206e-08,4.93537048085e-09,4.2590409129e-06,1.627783616e-08,2.81315890757e-06,4.69364434217e-09,3.60106919089e-09,1.89024726788e-08,1.31544851787e-08,1.51081539139e-08,6.59925554651e-09,1.78802885095e-06,2.29707246132e-08,3.7385468004e-08,2.25889638925e-07,7.42596083977e-07,9.89014684556e-09,1.27300739748e-08,1.12650209456e-06,2.02501714443e-06,8.17629575054e-09,2.01338964462e-08,1.23590100159e-08,2.05098690875e-06,1.63079232736e-08,1.46623929599e-08,8.23846538805e-09,8.23846538805e-09,3.9971288322e-09,3.9971288322e-09,1.14173558597e-08,1.49860836729e-06
quantile,2.76865210852e-06,2.76865210852e-06,5.8392059305e-06,9.78505390584e-06,3.47132426965e-06,6.11216917045e-06,2.76797142033e-06,1.12943730217e-05,4.51298583371e-06,5.592050837e-07,0.0344553911087,1.07366422899e-06,7.89446669598e-06,6.27101368955e-06,1.07709938837e-06,0.00138497159565,3.58946375e-06,9.55744846246e-07,0.00167403773364,1.13626142857e-06,2.11861723291e-06,4.35029559601e-06,3.79523159774e-06,1.65598899838e-06,3.58946375e-06,2.78592875e-08,1.39846744231e-06,2.07225588736e-06,1.40121606868e-06,2.76045231593e-06,4.76694472242e-06,1.94699887871e-06,0.000272628043542,1.40193714011e-06,5.37427716071e-06,2.28646426906e-06,2.96321632986e-06,0.00213225354028,0.000159285145559,0.00149110878232,8.00612953416e-07,4.00006906293e-06,9.18432174628e-07,5.74567669173e-09,5.74567669173e-09,0.000263400889293,1.67383803247e-06,5.67586390421e-07,1.0972999102e-05,5.78129692458e-06,3.73618758014e-06,9.68553399929e-06,0.0015882181217,7.83308303972e-06,6.52256459487e-06,0.00192542008648,8.70020778912e-07,8.82814996599e-07,2.49527519841e-08,3.16411260504e-08,3.37986517118e-06,0.000451356382463,2.58856070408e-06,5.59164545312e-06,2.94298528075e-06,1.35205280794e-06,2.08114229323e-08,2.55316853784e-08,8.48508778759e-06,4.71536879887e-06,1.45607244898e-08,2.58178088265e-06,1.37129336735e-08,5.37427716071e-06,2.12512853151e-06,1.02961147222e-06,1.25540135065e-06,8.07618369565e-07,8.70876229592e-07,2.11255918067e-06,1.37129336735e-08,0.000514556545898,6.20384825351e-06,1.80672957357e-06,8.95628609903e-06,2.88087894429e-06,1.03491170266e-06,1.20370218095e-06,1.39021124038e-06,0.00298365934933,8.75052441017e-07,1.63604962592e-06,2.32181868188e-06,2.32181868188e-06,8.6885103631e-07,8.70580342687e-07,2.31454827985e-06,2.31052422613e-06,7.97760022445e-07,3.52806406188e-07
sumOfLogarithms,2.04776968326e-08,2.04776968326e-08,1.43618286502e-05,9.85487642959e-06,3.06362032395e-06,1.33985671658e-05,1.13575861946e-05,1.4116508e-05,1.10718174559e-05,8.14022044661e-09,1.07366422899e-06,0.0588512388377,0.0175819235701,0.0252775830706,0.0121367166951,0.00724237061892,0.0353265089151,0.0124087369996,0.00897214442362,2.57979229632e-05,0.0121349865809,0.0100674649341,0.0279071672774,0.0214211685378,0.0353265089151,0.0265147500798,0.0158710883465,0.0158688258895,0.0158699559856,0.0158688258895,0.00297536094851,0.0237528159186,0.0119408760492,0.02039823086,0.0235706353856,0.00124024166479,0.01277583586,2.83764598599e-06,1.16029053007e-05,3.71823321324e-06,0.0230511919236,1.18312392863e-05,0.00499528905776,0.0248080805483,0.0248080805483,0.0132637719155,0.00137171268751,1.90424523995e-06,0.0140082110521,0.0169553848892,1.15130612468e-05,0.0166340766711,0.0117891922953,0.0182657593879,0.0194636828335,0.0147374402356,0.0252493334401,0.0336443026082,0.0327320752226,0.0277318806872,0.00813356397767,8.87363706471e-06,0.00281236428882,0.0404853309562,3.41639469526e-06,0.00176886098781,0.0248142724957,0.00776104969628,0.0371919815034,0.0279071672635,0.0224594174065,8.49192436975e-09,0.0224566162916,0.0235706353856,0.0415675121872,0.0196340295232,0.0267714345979,0.0230460870617,0.0364454118799,0.0277336124986,0.0224566162916,0.003373146381,0.0228380183926,0.00472356948735,0.0214184881019,0.0212023930827,0.00419803086189,0.013751015818,0.015866554394,0.0171912255947,0.0330151818798,0.0107244649171,0.0152172939861,0.0152172939861,0.0339336422143,0.0339336422143,0.0133148539697,0.0133148539697,0.0307212690664,0.0045067125127
kurtosis,2.25318727598e-06,2.25318727598e-06,0.000362037201279,0.00186827889256,0.000567227332749,0.00177445264833,8.48841864782e-06,0.00267667747573,9.89965782628e-05,1.04020258374e-08,7.89446669598e-06,0.0175819235701,0.0325271376225,0.0253962620625,0.0049004065855,0.00877603566896,0.0169644083556,0.0055229255632,0.0107607161647,1.0947036193e-05,0.00545473202806,0.00854790455071,0.0111242427112,0.0137989533054,0.0169644083556,0.0101384102033,0.00779303989541,0.00815433718143,0.00779460817456,0.00851792701261,0.00257563335454,0.012857690492,0.00906249489236,0.00779757525771,0.0110762530014,9.52356521925e-06,0.00550074029504,4.03940661259e-06,0.000386864047379,0.000118647379719,0.0227023975017,0.000483213951369,0.0019843382219,0.00876503989129,0.00876503989129,0.00821820406204,0.00187648668167,6.6417231593e-07,0.0150080886991,0.0183758404117,0.000925734693417,0.0292407905234,0.0145006011008,0.0321043807027,0.0252668931432,0.01439381871,0.0257597525123,0.0161055477428,0.00926496921867,0.00980424473911,0.0101877741052,5.05152729191e-06,6.14086823645e-06,0.0187042731056,2.82961162754e-06,0.00167538095829,0.00876504508513,0.00549310474251,0.0179017784105,0.0120726522022,0.00793658708687,7.24780692725e-07,0.00793495924429,0.0110762530014,0.0118306158421,0.0111310037871,0.013591826402,0.0130652070453,0.0258155970091,0.013129138216,0.00793495924429,0.00265625159434,0.0293643106668,0.00183380207416,0.0122838085559,0.0135766569737,0.00244908334988,0.00560379716655,0.00646525255653,0.0142396215023,0.0131251030567,0.00461013434,0.00653885302587,0.00653885302587,0.0134735287614,0.0134735287614,0.0054266069671,0.0054266069671,0.0121286314791,0.00331181309279
pooledMean,1.2539903807e-08,1.2539903807e-08,1.80101396745e-05,8.71860530349e-06,7.30587914483e-06,1.16936057893e-05,1.19930617392e-05,1.60679101521e-05,1.2958983926e-05,1.38565531895e-08,6.27101368955e-06,0.0252775830706,0.0253962620625,0.0464948526002,0.00696275753924,0.00654443030856,0.0204610164295,0.00795420274621,0.00808845712999,1.62387443021e-05,0.00696138267869,0.00907410123371,0.0164110602935,0.0180340361068,0.0204610164295,0.0146291744832,0.00932712157512,0.00932532601094,0.0093262212888,0.00932532368055,0.0023060759163,0.0156727699658,0.0118831527826,0.00933128489857,0.0121275050279,1.11656046739e-05,0.00784152282369,7.46387981386e-06,8.60863055571e-06,2.35194698201e-06,0.0296471436673,0.000485995272124,0.0028171228598,0.0124530806754,0.0124530806754,0.0115463044399,0.00115757463044,7.34000709529e-08,0.0182363491016,0.0220392761781,0.00136863443022,0.0301823462727,0.0119896488145,0.0264192213368,0.0232377878135,0.0132838576118,0.0312824132734,0.0194894211332,0.0131575848923,0.0139231792734,0.0141573556343,1.29711576575e-05,6.68156907519e-06,0.0353287502323,1.13116334153e-06,0.00144635661652,0.0124610038027,0.00637392097437,0.023277712191,0.0151581395246,0.0112817264214,7.55630150553e-09,0.0112780283037,0.0121275050279,0.0169481903714,0.0151593727188,0.0195352769778,0.0177936100126,0.0318793713143,0.0139247489727,0.0112780283037,0.00464710194567,0.0350967769973,0.00193422532658,0.0212212072585,0.0163733036826,0.00374377867837,0.00637273762527,0.00735523414373,0.0177466255949,0.0208739154127,0.00551947745898,0.00782953431191,0.00782953431191,0.0201104235599,0.0201104235599,0.0061722846386,0.0061722846386,0.0192291252137,0.00362123607701
add,1.25313328877e-08,1.25313328877e-08,0.000802102861524,0.000449680841128,1.93740763728e-06,6.74814219709e-06,3.4978197246e-06,5.79147011195e-06,4.65499716394e-06,7.54830788619e-09,1.07709938837e-06,0.0121367166951,0.0049004065855,0.00696275753924,0.031035996993,0.00284721763467,0.0117867929596,0.0100759185005,0.00352799705009,7.40307307102e-06,0.0275792495839,0.00288165941198,0.0155039490243,0.0067039176785,0.0117867929596,0.0147265003203,0.018113157814,0.0135927958174,0.0158507143723,0.0135927958174,0.001063421653,0.0061814331749,0.0034136708373,0.0102002997458,0.0147309567283,7.42170991716e-06,0.0046241812621,1.42585040069e-06,5.68906529213e-06,3.69922640163e-06,0.00769057198498,8.10393900164e-06,0.00432834532531,0.0108576085706,0.0108576085706,0.00414792530541,0.00134963670425,5.76363689695e-07,0.00444614189779,0.00541661700745,2.94558693322e-06,0.00479636292924,0.00337593927718,0.00508984121336,0.00913417317899,0.00579493437445,0.00702244296785,0.00842300452087,0.0147288011298,0.0225104033743,0.00254609768017,1.50912714701e-06,2.97347449707e-08,0.014733489294,3.41762886919e-06,0.000884861217839,0.010859164411,0.00771481870184,0.0147268083525,0.0139582841613,0.0126274806374,2.11350931162e-06,0.00982775795231,0.0147309567283,0.0155987069508,0.00546354631982,0.0100448241976,0.00641308497834,0.00702245006693,0.0155969189882,0.00982775795231,0.00169078668525,0.00760912957397,0.00353943736832,0.00670459099463,0.00590121353714,0.00250916579692,0.00884227379409,0.0102003622575,0.00675800337612,0.00957400165983,0.00536286516222,0.00944522663442,0.00944522663442,0.0098996742778,0.00989967573294,0.011351673147,0.0103989270657,0.01152816428,0.00282116683515
cosineDistance,7.64706018547e-07,7.5998402462e-07,0.00101125149242,0.00473543148884,1.39951155973e-06,6.63058572875e-06,6.25358175805e-06,0.00413807103057,9.75847267366e-06,1.3763800861e-08,0.00138497159565,0.00724237061892,0.00877603566896,0.00654443030856,0.00284721763467,0.0237128360123,0.00881711648703,0.00277891295325,0.0161282936981,5.63120029449e-06,0.00258776267401,0.00497531073057,0.00463464942805,0.0120072249184,0.00881711648703,0.00706623657019,0.00507213174834,0.0047328444927,0.00541209228925,0.00473284449203,0.00127590800155,0.0073190504802,0.0059692059587,0.00406013685424,0.00615630133566,9.10768556739e-06,0.00532575819994,4.07814654082e-06,0.000495666993275,7.91578211649e-06,0.00691036466879,0.00103607368332,0.00104825732016,0.00370547244711,0.00370546691064,0.0052568442325,0.00249929289767,8.57830676924e-07,0.0044905588498,0.00539168457985,8.90762309504e-06,0.0100224850994,0.0134982799051,0.00913080059418,0.00890385825582,0.0157987467976,0.00586329004717,0.00756269885297,0.00392028649787,0.00621431692945,0.00212560537199,6.06714812086e-06,6.25672367408e-06,0.00769284986222,1.51773562328e-06,0.000790373751426,0.0037068935064,0.00368985685945,0.0142406064876,0.00463266790559,0.00335636423788,4.73824803987e-09,0.00335466149509,0.00615630133565,0.0051786839902,0.01043024676,0.011976686834,0.0107189300107,0.00586454527456,0.00414351052343,0.00335466148674,0.00101159150571,0.00844850726838,0.00175931650666,0.00639686845287,0.00986071545544,0.0012449813344,0.00351697731959,0.00406022887251,0.013563025595,0.00665103076377,0.00240074836002,0.00397280088647,0.00397280089252,0.00594432788546,0.00594432790146,0.00340517842578,0.00340517840852,0.00691018851775,0.00201401851746
manhattanDistance,1.94435802308e-06,1.94435802308e-06,1.66133300892e-05,9.91529882121e-06,5.18863234762e-06,0.00456138880489,1.34981868e-05,1.31012231783e-05,1.64579433375e-05,1.22439936315e-08,3.58946375e-06,0.0353265089151,0.0169644083556,0.0204610164295,0.0117867929596,0.00881711648703,0.0500200250954,0.0158844175289,0.0108859064763,2.19251220844e-05,0.0161956150037,0.0109975999638,0.0210974079938,0.0273045773674,0.0500200250954,0.0375375375729,0.0192596482023,0.0221394539542,0.0192596481936,0.0250250308773,0.0018074050527,0.0150842152358,0.00982152196644,0.015417344333,0.0350375275979,1.4187034834e-05,0.0168613616474,2.42512890238e-06,8.42974268522e-06,1.25501055813e-05,0.0239413403319,0.00271649303259,0.00603111967412,0.0184552921688,0.0184552921688,0.0105940374844,0.00458527511969,6.65915333503e-07,0.0128861771317,0.0151937798833,1.28391649341e-05,0.0135729145336,0.012877187781,0.0176285827976,0.0165699337222,0.0178839697736,0.0190750405849,0.0333690905504,0.0194945028448,0.0265147412606,0.00605650719419,1.0032636565e-05,9.56445268571e-06,0.0312844125878,9.85702669223e-07,0.00224831686121,0.0184605553319,0.0105171788884,0.0368684619241,0.0224131935056,0.016709557198,1.44074535714e-08,0.0167047905551,0.0350375275979,0.0235735736239,0.0241000399374,0.0227591251265,0.030463084883,0.0214548036991,0.0235823912298,0.0167047905551,0.00287003160656,0.0167221526808,0.0050160340973,0.0159307194674,0.0320200261464,0.00354848088854,0.0200200301253,0.019253875108,0.0208646178368,0.0280581498597,0.0102521642039,0.0177704284818,0.0177704284818,0.0264576507881,0.0264576507881,0.016159509454,0.016159509454,0.0304587309047,0.00573751677658
chebyshevDistance,3.06103366356e-06,2.05275906828e-08,8.65643897405e-06,3.27962509091e-06,3.52438811522e-06,1.09453879457e-05,5.13383593347e-06,4.63419932235e-06,5.82004709359e-06,5.5753330809e-09,9.55744846246e-07,0.0124087369996,0.0055229255632,0.00795420274621,0.0100759185005,0.00277891295325,0.0158844175289,0.0266360236478,0.00344398159139,8.26007156957e-06,0.0116657443875,0.00322212919297,0.0152576831744,0.00839725150857,0.0172002043723,0.0211831333948,0.0131802745993,0.0147243008796,0.0131802745962,0.016271421407,0.000952841136379,0.00611729528033,0.00457151288703,0.00912556309931,0.0198317833329,1.17218722664e-05,0.00681153096614,1.28285517828e-06,0.000992587402295,7.76791792736e-06,0.00917631896988,0.000932558435121,0.00382124420949,0.0152562549621,0.0111038962045,0.00477308930393,0.00120940175448,3.55024280029e-07,0.00439146425033,0.00534713688496,0.000333180103321,0.00526484955917,0.00377147916348,0.00573188938304,0.00897783057649,0.00565606942395,0.00753890812069,0.0113373275139,0.0146448148274,0.0186022789375,0.00273655866174,1.33501750409e-06,2.02998599878e-08,0.0131842781078,1.02598207489e-06,0.00154534257056,0.011102515354,0.00904649186267,0.0152576789305,0.0152605252324,0.016314561581,1.88923813402e-06,0.012556411159,0.0198317833329,0.0170511503713,0.00684716914117,0.00839725755767,0.0115574249466,0.00753890807462,0.0155094864391,0.0100501454923,0.000759459665343,0.00758097468152,0.00316686447822,0.00719503494045,0.00955174567108,0.00299658110182,0.0132510230991,0.0111538747479,0.00659874044544,0.0110180545589,0.00599570023342,0.010150353811,0.0101503538185,0.0113664067112,0.0113664066994,0.00930521688246,0.00930521689752,0.0126087510759,0.00350861903738
tanimotoDistance,9.26292372429e-07,9.28795719419e-07,0.00122591621815,0.00574298248026,1.71390658153e-06,7.04719051737e-06,7.54936660698e-06,0.00498971747521,1.08493775475e-05,7.86874652911e-07,0.00167403773364,0.00897214442362,0.0107607161647,0.00808845712999,0.00352799705009,0.0161282936981,0.0108859064763,0.00344398159139,0.028612154967,6.82919435421e-06,0.00320654495535,0.00610766617857,0.00574273890892,0.0108897481279,0.0108859064774,0.00871525193648,0.00628493657328,0.00586457614213,0.00670613136617,0.00586457614338,0.00155877789663,0.0073893755055,0.00603821378574,0.00502845608553,0.00762829352321,1.31270144352e-05,0.00429660303788,4.96507584218e-06,0.000409326710992,9.62440065055e-06,0.00852633199651,0.00103228335216,0.00129912979569,0.00459156572602,0.00459155886561,0.00489440161582,0.00298875681316,1.03870482777e-06,0.00489840365017,0.00592400390709,9.53163877135e-06,0.0122612018304,0.0176989880532,0.0111954684928,0.010925178386,0.019303868117,0.00726368525193,0.00933337073116,0.00485510409827,0.00770016121833,0.00263335325358,8.47853503773e-06,7.06318132049e-06,0.00953223249915,2.28367746212e-06,0.000979345545656,0.00459327946609,0.00457155381055,0.0174803850046,0.00574087637951,0.00415893402505,1.40714150359e-08,0.00415686223245,0.00762829352321,0.00641499778128,0.00806491900122,0.00891259493076,0.00946601296546,0.00726316870016,0.00513558112806,0.00415686223348,0.00125335121773,0.0103745191677,0.00131024086776,0.00594707384602,0.00870873260418,0.00154222435797,0.00435871873096,0.00503107418218,0.0165778408843,0.00820373345603,0.00297476338007,0.00492270863713,0.00492270863363,0.00736571859448,0.00736571859448,0.00421945596724,0.00421945596724,0.00852797034644,0.00249457666253
sum,2.4159377524e-06,2.4159377524e-06,0.00507941651376,0.00759093948983,0.00322277504804,2.88080704261e-06,1.20794015962e-05,8.20116466033e-06,0.00587307918971,4.8720109657e-09,1.13626142857e-06,2.57979229632e-05,1.0947036193e-05,1.62387443021e-05,7.40307307102e-06,5.63120029449e-06,2.19251220844e-05,8.26007156957e-06,6.82919435421e-06,0.0547070430626,7.39939665976e-06,7.66014641808e-06,0.00165961195085,8.57540077841e-06,2.19282470812e-05,1.88157533156e-05,7.26214924519e-06,7.259743e-06,7.26094491827e-06,7.259743e-06,0.000451230150827,8.31912550301e-06,1.03778474936e-05,7.26936074519e-06,1.56969814594e-05,0.00262114333901,8.69148261663e-06,5.97626811607e-06,0.00558830726743,1.3048237263e-05,8.20935347826e-06,0.0104005842315,5.64672004774e-06,1.97796877105e-05,1.97796877105e-05,9.74539970333e-06,0.00570316915079,1.24078241627e-06,8.60275099292e-06,1.06689988471e-05,0.00611207860233,1.44186882817e-05,1.25412728584e-05,1.17159158617e-05,1.26931068695e-05,8.97889756473e-06,8.98820853869e-06,2.08900150774e-05,2.09133161424e-05,2.2115915636e-05,0.00827673924991,1.56594502344e-05,2.38483127113e-05,0.00392583994551,4.84143273282e-06,2.81971680224e-06,1.97862666513e-05,4.62544719751e-06,2.30856169967e-05,1.65231317796e-05,1.79078186458e-05,4.52703571429e-09,1.4931619253e-05,1.56969814594e-05,1.84633494375e-05,6.98856618981e-06,8.57543483523e-06,8.20667680978e-06,8.98823827083e-06,2.21214229963e-05,1.4931619253e-05,0.00179467319008,1.95484632088e-05,3.77760893375e-06,1.56748453608e-05,1.25501451975e-05,0.000875900643681,1.25521856312e-05,1.20577958822e-05,1.04740666276e-05,2.03449172761e-05,7.15551312937e-06,1.01379661403e-05,1.01379661403e-05,2.08846060001e-05,2.08846060001e-05,1.01268662581e-05,1.01268662581e-05,1.90707368656e-05,0.00116786750233
dec,1.14374514058e-06,1.14374514058e-06,6.39935636014e-06,3.60863792792e-06,2.29594460888e-06,0.00134498207938,3.49780729473e-06,3.87138253139e-06,6.50103301136e-06,2.79895895972e-09,2.11861723291e-06,0.0121349865809,0.00545473202806,0.00696138267869,0.0275792495839,0.00258776267401,0.0161956150037,0.0116657443875,0.00320654495535,7.39939665976e-06,0.0310359969844,0.00288094562754,0.0139582841574,0.00804148250873,0.0161956150052,0.0176662061938,0.0135927958174,0.0158507143638,0.0135927958146,0.0181131578027,0.00106294113981,0.00618110572626,0.00363207291976,0.0102002997402,0.0206074273092,1.02165834874e-05,0.00581272532215,1.42025656455e-06,6.01420216478e-06,7.37446660261e-06,0.00897189487054,0.00104070388152,0.00502862543592,0.0108576085628,0.0108576085628,0.00414763825588,0.0013496340171,5.74844336949e-07,0.00527602035423,0.0064491933692,3.66544490453e-06,0.00479427699619,0.00337313916448,0.00566590328254,0.00946738053497,0.005267885792,0.00702244085791,0.00842580562593,0.0147288011217,0.0190571161685,0.00254756402736,1.49883745143e-06,2.6932228164e-08,0.0147316455441,1.71518300386e-06,0.000884841105764,0.0108576164203,0.00771481715013,0.0139520420909,0.0155039490127,0.012626080073,2.11353239776e-06,0.00982635599013,0.0206074273092,0.0155969768435,0.00655341722614,0.00804282017487,0.00896935095022,0.00702104880013,0.0190553964865,0.00982635599013,0.00084540273422,0.00760912582647,0.00353943736656,0.00670325342645,0.00942827117479,0.00250750128711,0.0108020777098,0.0102003599939,0.00614586061509,0.00957120193441,0.00536286382071,0.00944522479261,0.00944522479261,0.00989673456611,0.00989673602125,0.0113516731395,0.0103989270582,0.011528160325,0.002820065558
errorRate,2.83777132449e-06,2.83777132449e-06,6.63250829055e-06,0.00148784515786,5.97652853646e-06,1.11203997569e-05,1.1275881028e-05,0.002134188756,0.000392562966995,9.22098618395e-09,4.35029559601e-06,0.0100674649341,0.00854790455071,0.00907410123371,0.00288165941198,0.00497531073057,0.0109975999638,0.00322212919297,0.00610766617857,7.66014641808e-06,0.00288094562754,0.0242913887265,0.00772724527351,0.00944460639454,0.00977808776994,0.0073402865419,0.00470547093614,0.00470453565002,0.00470500188595,0.00470453752571,0.00353933181114,0.0101167067077,0.00653160799658,0.00470547101404,0.00612077191751,5.63392197086e-06,0.0038660026863,3.50823850246e-06,0.00023195918158,3.59344926645e-06,0.00956419722417,0.000927061888656,0.00145659861764,0.00644034017133,0.00644034017133,0.00722963743222,0.00389305930422,9.92206272268e-07,0.00622983963129,0.00754248065072,0.000306102414712,0.00904042101522,0.0073299986427,0.00884364907154,0.00890263261089,0.0135157135873,0.00989317894899,0.0104762242318,0.00680220738897,0.00719731128739,0.00356425544146,4.90863646957e-06,4.67140384392e-06,0.0122195442912,4.82313461953e-07,0.00252396528908,0.00643905399348,0.00321926228601,0.0122169832636,0.00836845194103,0.0058316214344,7.0065138958e-09,0.00582929857014,0.00612077191751,0.00863417799287,0.00724394436413,0.008888064843,0.00850481122099,0.00931246118709,0.00863418228051,0.00582929857014,0.00140142691003,0.0118284086572,0.000982461074314,0.00777664089147,0.00782345268334,0.00174085258492,0.00326425612633,0.00376926073948,0.0152612098534,0.0103702664692,0.00493137726018,0.0053863608221,0.0053863608221,0.00943365952641,0.00943011337736,0.00473786920966,0.00473784388567,0.00957291439797,0.0018704631534
scale,2.23556153846e-08,2.23556153846e-08,7.16089794026e-06,0.00160451131693,0.00135226891776,0.00718662219051,0.00810731389901,0.00458813516281,0.00493918270596,7.62597386614e-09,3.79523159774e-06,0.0279071672774,0.0111242427112,0.0164110602935,0.0155039490243,0.00463464942805,0.0210974079938,0.0152576831744,0.00574273890892,0.00165961195085,0.0139582841574,0.00772724527351,0.0498892272496,0.0143947812049,0.0237289843096,0.0289921422017,0.0222965922362,0.0202753381795,0.024321896887,0.0202753381795,0.00152339072099,0.0100802243795,0.00643708332951,0.0223016499224,0.036878979049,1.211202904e-05,0.00930465394323,2.54396025313e-06,1.00423223661e-05,2.23584687061e-06,0.0114783079019,0.00100282593379,0.00384416298002,0.0194293934089,0.0194293934089,0.00774188694887,3.95264453182e-05,1.02383882869e-06,0.00841498368754,0.0102422148556,0.00257512082506,0.00973691765615,0.00980386461565,0.0116346543057,0.0180147308592,0.0113148948528,0.0125664650304,0.0226015489715,0.0263626258263,0.0340991053409,0.00772933966959,5.30274506053e-06,0.00250881970455,0.0263569458095,3.06334019584e-06,0.00236860650448,0.0194294017247,0.0123853718107,0.0222105624186,0.0360526621458,0.0225965263737,1.51281541353e-08,0.0175839962998,0.036878979049,0.0371919877201,0.0117310381378,0.0143923996391,0.0137666499992,0.0125664750655,0.027913349909,0.0175839962998,0.00227145867353,0.0131017604315,0.00738529271608,0.014387612584,0.0126674211888,0.00300387549605,0.0140631966187,0.016226753143,0.0131952248874,0.0195247532102,0.0167678246364,0.0236880820035,0.0236880820035,0.020216198819,0.020216198819,0.0169056472066,0.0169056472066,0.01834785841,0.00502536795377
