min,0.0525155312901,0.0340031794568,1.22526974594e-05,0.00224326571128,0.00796673001256,0.0065916018366,0.0139468523333,0.00621773814198,0.00233232417417,1.73906213904e-05,0.00233394028097,8.67574786325e-06,1.12643151964e-05,6.83210393429e-06,6.76557101852e-06,1.43611652303e-05,1.74970659722e-05,0.0018765740051,1.68132318036e-05,1.59965714286e-05,1.11989110185e-05,1.98367964559e-05,1.30598222222e-05,1.32145816993e-05,1.74970659722e-05,1.40075034722e-05,8.04817724868e-06,9.35374074074e-06,6.71748941799e-06,1.3325962963e-05,2.16216567373e-05,1.13591071911e-05,7.57372395603e-06,2.73385529101e-06,2.09450034722e-05,1.47604089327e-05,1.15721286679e-05,0.0174012087847,0.00200129420348,0.0205089376023,1.24820277778e-05,1.5253806282e-05,5.13606530452e-06,0.00797628619841,1.9940984127e-05,1.34176672822e-05,1.86480702614e-05,0.00541338759005,1.47691421315e-05,1.4226982515e-05,0.00373788137993,8.60356059787e-06,1.4063851157e-05,1.25763597813e-05,1.226103067e-05,1.05378748196e-05,8.79742361111e-06,1.31835784314e-05,8.03232142857e-06,1.08252905983e-05,0.001410037859,1.12653185185e-05,0.0104688720347,9.38941203704e-06,0.0036093894823,0.00202261035319,8.05209126984e-06,2.01315687965e-05,9.41162222222e-06,1.67505740741e-05,1.8667137037e-05,3.50886566952e-05,0.00373348933704,2.09450034722e-05,1.29193632479e-05,1.85549734247e-05,5.03649346405e-06,9.38945061728e-06,3.59430902778e-06,2.14706324786e-05,1.8652337037e-05,2.29135698291e-05,0.00207389312682,7.53198888889e-06,5.00057189542e-06,1.12339027778e-05,0.00159055919652,1.39959097222e-05,8.45051111111e-06,8.93472807018e-06,7.07112824074e-06,2.56760059413e-05,1.69718792454e-05,3.94770195616e-05,7.80528465608e-06,7.80528465608e-06,1.58584224387e-05,1.58584224387e-05,6.67922753268e-06,1.56057975535e-05
max,0.0340031794568,0.0525031609568,1.22526974594e-05,0.00224326571128,0.00796673001256,0.00658831427778,0.0139421995833,0.00621463322531,0.00233232417417,3.39030006472e-05,0.00233394028097,8.67574786325e-06,1.12643151964e-05,6.83210393429e-06,6.76557101852e-06,8.192031897e-06,1.74970659722e-05,1.53418622423e-05,1.8272297593e-05,1.59965714286e-05,1.11989110185e-05,1.98367964559e-05,1.30598222222e-05,1.32145816993e-05,1.74970659722e-05,1.40075034722e-05,8.04817724868e-06,9.35374074074e-06,6.71748941799e-06,1.3325962963e-05,0.000355987032843,1.13591071911e-05,7.58136199325e-06,2.73385529101e-06,2.09450034722e-05,1.47604089327e-05,1.15721286679e-05,0.0173959779097,2.13911868086e-05,0.0205030692076,1.24820277778e-05,1.5253806282e-05,7.19571328432e-06,3.18576269841e-05,1.9940984127e-05,1.34250156264e-05,1.86480702614e-05,0.00722403386102,1.47691421315e-05,1.4226982515e-05,0.00373601860896,8.60356059787e-06,1.4063851157e-05,1.25763597813e-05,1.226103067e-05,1.05378748196e-05,8.79742361111e-06,1.31835784314e-05,8.03232142857e-06,1.08252905983e-05,0.001410037859,1.68449185185e-05,0.010461903316,9.38941203704e-06,0.00541403643392,0.00069317919384,8.05209126984e-06,1.20395154672e-05,9.41162222222e-06,1.67505740741e-05,7.55233703704e-06,3.07724643875e-05,2.2378237037e-05,2.09450034722e-05,1.29193632479e-05,1.85549734247e-05,5.03649346405e-06,9.38945061728e-06,3.59430902778e-06,2.14706324786e-05,0.00372976343704,3.17146744444e-05,0.00207389312682,9.40233888889e-06,5.00057189542e-06,1.12339027778e-05,0.00158839829606,1.39959097222e-05,8.45051111111e-06,8.93472807018e-06,7.07112824074e-06,2.56756471051e-05,2.4549932605e-05,3.18989662019e-05,7.80528465608e-06,7.80528465608e-06,1.58584224387e-05,1.58584224387e-05,6.67922753268e-06,1.25147558868e-05
covariance,1.22526974594e-05,1.22526974594e-05,0.0410088032452,0.0135810150653,0.00920165870469,0.00606732278873,0.00433938700959,0.0115433677384,0.0223569151038,1.16411754843e-05,0.00292009852868,0.00270316263415,0.00435470628164,0.00671848900267,0.00416648895024,0.00572542882045,0.00436518063128,0.00356582914172,0.00660251641648,0.0123623172289,0.0027883211439,0.00311455545672,0.00462893242826,0.00924265196132,0.00436518063128,0.00435271395807,0.00660032378303,0.00495591087338,0.00577601510956,0.0049596478231,0.00332966162901,0.00286193457958,0.00453589163928,0.00338939890256,0.00650522294825,0.00401544039574,0.00219542078071,0.00434129042339,0.00499246480889,0.00645486064403,0.00672408962987,0.0186020925995,0.00127218555654,1.73787964931e-05,1.73787964931e-05,0.00316513896026,0.0126146350149,0.00149776871438,0.00625519286027,0.00480106440014,0.0143173351126,0.00648436653703,0.00584564667356,0.00420711870911,0.00473861252857,0.00901559478071,0.00484490004898,0.00208047601545,0.00249776124558,0.00401478237027,0.0142955755274,0.00233871576771,4.13499843134e-05,0.00579333685114,2.68677791246e-05,0.000448854021084,2.47828030905e-05,0.0051518547796,0.0103876552882,0.00462791178726,2.77550713957e-05,8.09930282304e-06,2.77640880952e-05,0.00650522294825,0.00268720684039,0.00333654202185,0.00512087486927,0.00388255118858,0.00429276962926,4.08629013642e-05,2.77640880952e-05,0.00292795971419,0.00592477365492,1.86399873618e-05,0.00308760927673,0.00516760981672,0.0045636612552,0.0029024941591,0.00347253605428,0.00731512087053,0.00218983097827,0.00240424824112,0.00473145675973,0.00473145675973,0.00233441286535,0.00233441286535,0.00331215797805,0.00331215797805,0.004092975135,0.0066709853571
durbinWatson,0.00224326571128,0.00224326571128,0.0135810150653,0.0416884190398,0.0218984036627,0.00456334889756,0.00978996841308,0.0143282422616,0.0211324815731,1.24629104998e-05,0.00512237803864,4.68154518343e-05,0.0065994885483,0.00134852993959,0.00242693786834,0.0147040853953,6.14400229808e-05,3.80490393937e-05,0.0169209887031,0.0124790579152,3.48645564051e-05,0.00350129600563,0.00782643801169,0.00712464834109,6.14400229808e-05,5.38500356731e-05,0.00288697657077,3.45467671795e-05,0.00574697005062,3.9270247033e-05,0.00305859094372,0.00129490984705,0.00436618791486,0.00194552794755,0.00485201072587,0.00492615153286,0.000310680623841,0.00378668506462,0.00723318183442,0.00847317020648,0.0022777768259,0.0128773216577,2.03347749131e-05,1.6743536044e-05,1.6743536044e-05,0.00305705246702,0.00656435772397,2.18523419566e-05,0.00285218733037,0.00350641713579,0.0123286495343,0.00806289095659,0.0150096438523,0.00666422410413,0.00718149289251,0.0185362222791,0.00249477928846,0.00230859040796,3.33869405495e-05,0.00926873778817,0.0116869969718,0.00136456648605,0.00483739803048,0.00172054452064,3.38852724473e-05,0.0010048254595,2.66378076923e-05,4.19940275198e-05,0.0107243212157,0.00643391577918,2.75481417436e-05,6.2540442998e-06,3.02547657436e-05,0.00485201072587,0.00594586412154,0.00379643397115,0.00711079700606,6.0962231453e-05,4.52784109615e-05,0.00299201494675,3.02547657436e-05,0.00421957519115,0.00976479603656,2.05198661538e-05,0.00240256845792,5.68814273077e-05,0.00185735661749,3.11067273718e-05,3.04452769231e-05,0.0115662464214,4.28490117949e-05,0.0026773603939,0.00352924594122,0.00352924594122,4.39612796557e-05,4.39612796557e-05,3.18239993906e-05,3.18239993906e-05,4.93170217647e-05,0.0031662456639
lag1,0.00796673001256,0.00796673001256,0.00920165870469,0.0218984036627,0.0707961562448,0.00384537676271,0.0027104718687,0.00362685548489,0.0189121863512,1.68957203208e-05,0.00138913404509,3.05293064328e-05,0.00358458967026,0.00207903703549,0.00131266211992,2.36219860973e-05,4.77521216539e-05,0.00111072108399,2.75785990639e-05,0.00694771599918,0.00131728470778,0.00118429919463,0.00432731179834,0.00496244013534,4.77521216539e-05,4.62028508871e-05,0.00155775863314,0.00155694703356,0.00155979689477,0.00156326171393,0.00252139788609,3.39424613435e-05,4.03695297134e-05,1.27692754982e-05,0.00406588154535,0.00281207638947,0.00134909794862,0.0109903601678,0.00563786687801,0.0136700974939,0.00338271535392,0.00782354790758,1.85171831479e-05,1.19121466121e-05,1.19121466121e-05,0.00394790400236,0.00183736000747,1.21386535864e-05,0.00413020176785,0.00263259223898,0.00710503310675,0.0025368609503,4.09944242808e-05,0.00297847555918,0.00103342292404,0.00158146680566,0.00418554786244,5.29690348992e-05,2.12064566888e-05,3.57510220303e-05,0.0187062266829,2.73861687813e-05,0.00203272042289,2.76757264428e-05,1.91250256792e-05,0.000926782055914,1.908053661e-05,2.12820040388e-05,4.07846735973e-05,0.00432807437836,1.78384704864e-05,2.71677233077e-05,2.01429956287e-05,0.00406588154535,0.00249949748782,0.00948266881041,3.88013625458e-05,5.18519600575e-05,3.8598442452e-05,4.38076204329e-05,2.01429956287e-05,0.000774236535691,0.0111141117303,3.36632937457e-05,2.78232077758e-05,4.92556573545e-05,0.00253241859607,0.00136953900836,0.00162628691258,0.00173540009318,2.46522625904e-05,0.00224619634554,0.00295484275918,0.00295484275918,2.21939327734e-05,2.21939327734e-05,0.00155196684909,0.00155196684909,2.47859309949e-05,0.00439480606196
meanDeviation,0.0065916018366,0.00658831427778,0.00606732278873,0.00456334889756,0.00384537676271,0.0553877167889,0.0318996745098,0.0294609694641,0.00984800369412,1.44658345681e-05,0.00370127485217,0.00907714077376,0.00666263671283,0.00650956499908,0.00237940035225,0.0014375798574,0.0147391623015,0.00828363979287,0.00162253577161,4.22232058824e-05,0.00708290860402,0.00423755047428,0.0157021632667,0.00350882925606,0.0147391623015,0.00740459979412,0.00562482689076,0.00842172326891,0.00562481428571,0.0112242414762,0.00117390876829,0.0054706928169,0.00287165379335,0.00591051759076,0.0220737137904,0.0024194986408,0.0049784387797,0.00738987553676,0.00239401688763,0.00934067706192,0.00657860840196,0.0046194903858,0.00108936959061,8.5677605042e-06,8.52998319328e-06,0.00217411772054,0.0116841691161,0.00190821926722,0.0117145266329,0.0111675884209,0.019462083288,0.00404946699435,0.00206454865177,0.00697840245677,0.00398071843391,0.00284169856621,0.00738804834191,0.010436170083,5.48324327731e-05,2.28172624434e-05,0.00879367400085,2.76279960784e-05,0.0184230115294,0.00492666718627,0.00193190505479,1.87843588215e-05,1.69501260504e-05,4.05919635909e-05,0.00395313190196,0.0196178358431,2.76357960784e-05,9.22065007541e-06,1.58671843137e-05,0.0220737137904,0.013588453,0.00565261654915,0.00696216139792,0.00985967372876,0.0110627100809,0.00907709556561,1.19221137255e-05,1.72116090649e-05,0.0022469681473,2.37152098039e-05,0.00349502473356,0.0147472652382,0.00118091465047,0.00492414030147,0.00295894175588,0.00313488597523,0.00369895567966,0.0122081996495,0.0131641766064,0.0131773157443,0.00393771874734,0.00393771874734,0.00563575280023,0.00563575280023,0.00348114759645,3.72660265728e-05
product,0.0139468523333,0.0139421995833,0.00433938700959,0.00978996841308,0.0027104718687,0.0318996745098,0.0764167712917,0.0347825444583,0.0104358995046,1.19576686436e-05,0.00697774884426,0.00645850687821,0.00573757799262,0.00778937809639,3.23813541667e-05,0.00861230681428,0.00524496405208,0.00298629021483,0.00987497690756,0.00304478025595,2.57063741667e-05,0.00300609217826,0.0166918421556,0.00494378727451,0.00524496405208,0.00525015938021,0.00398826242857,0.00398031602381,0.00399023861905,0.00398031602381,0.00366320748037,0.00292161351141,0.00579284292751,0.00834935682817,0.015635586474,0.00228084478734,0.00465761586759,0.0104559015208,0.00374426852975,0.015394860193,0.0046691301713,0.00430963585154,1.93339622056e-05,3.28903571429e-05,2.09618214286e-05,0.004738319432,0.00959561677941,0.00268593908991,0.00616300856972,0.00705542280316,0.0234693836978,0.00734580879689,0.00934204032436,0.00601238704648,0.00695461382297,0.0119650823415,0.00524754219792,0.00495113287745,5.671775e-05,3.86478974359e-05,0.00732195634441,0.00280852268889,0.0286954666354,0.0104480734028,0.00272862293851,1.83433200781e-05,3.28665714286e-05,2.11421854139e-05,0.0111612588222,0.0166807199722,3.07393388889e-05,2.68316517094e-05,3.90476888889e-05,0.015635586474,0.0192533754936,0.0040060530303,0.00495606664706,0.00467609311111,0.00525277133854,2.90165320513e-05,3.34643888889e-05,0.00177208981875,0.00173661582678,1.54504833333e-05,0.00984574316176,0.00420434219583,2.15713493323e-05,1.7491875e-05,2.51234458333e-05,0.0110089303333,0.00525117289965,0.014401088729,0.0148576428902,0.0148762494297,0.00559557371706,0.00559557371706,0.00399996734488,0.00399996734488,0.00494192544301,2.5328058605e-05
weightedMean,0.00621773814198,0.00621463322531,0.0115433677384,0.0143282422616,0.00362685548489,0.0294609694641,0.0347825444583,0.0586853184259,0.0127685626712,1.67127701943e-05,0.00698468630431,0.00432709667094,0.0108192017743,0.00522534065754,0.00336284417944,0.0148877599027,0.00352794845833,0.00385519251225,0.0170564242472,0.0020497564881,0.00224727753056,0.00897321040421,0.0148390709,0.00822890087582,0.00352794845833,0.00352447104167,0.00664301511905,0.00531496223016,0.00796575321429,0.00531495958466,0.00742965878284,0.00648351648897,0.00863485460864,0.00558240978386,0.0139098981354,0.00153521183365,0.0031262198744,0.00873193627778,0.00333091383573,0.0161287900409,0.00314366261728,0.00433358317041,2.3733760305e-05,8.11361507937e-06,8.07793650794e-06,0.00559079991967,0.0174082964651,0.00180250215668,0.00649243356554,0.00792987555695,0.0193432112874,0.0131519952682,0.0174022860503,0.0107859619558,0.010542559869,0.0196733430534,0.00352272105556,0.00333348748366,0.00401208981746,0.00429934451709,0.00628872452037,0.00189925051111,0.0139498269097,0.00699320423611,3.78254121864e-05,1.91155563704e-05,2.19687936508e-05,3.42104882176e-05,0.0167168042444,0.0148261098222,2.05727111111e-05,1.71977934473e-05,2.24153111111e-05,0.0139098981354,0.0128399278889,0.00271409569444,0.00660147764379,0.00315448203395,0.00352621061806,1.72932692308e-05,1.86894111111e-05,0.00236080060472,0.0129823141803,1.31560592593e-05,0.00658348748693,0.00283628389444,2.39297149544e-05,0.00233577258796,0.00280428113056,0.0132296686784,0.00351704301759,0.0115196387591,0.0124394184174,0.0124518276032,0.00374419776481,0.00374419776481,0.00531498661267,0.00531498661267,0.00331611288031,3.22637756995e-05
autoCorrelation,0.00233232417417,0.00233232417417,0.0223569151038,0.0211324815731,0.0189121863512,0.00984800369412,0.0104358995046,0.0127685626712,0.0449014972835,0.00795156915002,0.00178155774183,0.0032421491291,0.00440493879268,0.00258461415382,0.00169375128035,0.00274575968743,0.0026642252375,0.0029130285936,0.00303910023338,0.0119569791882,0.00170540781061,0.00375747325664,0.0111335029503,0.00985309815951,0.0026642252375,0.00265903111781,0.00399419270786,0.00400013286294,0.00399617088246,0.0040080695296,0.00225620259154,0.00278086444661,0.00291542275648,0.00418862284106,0.0104584973859,0.00458470617078,0.00150354965413,0.00524300258406,0.00830245582653,0.0153916007943,0.00468400130806,0.0174915449347,0.000401187242053,1.79779382143e-05,1.79779382143e-05,0.00322374552601,0.0192517825678,0.00257778668397,0.00447162671335,0.00468313248938,0.0165743761452,0.00379384988595,0.00376152014206,0.00432169611176,0.00523991827508,0.00402439643126,0.00524864831052,0.00985800604941,4.48169709524e-05,2.58271257692e-05,0.0221682882218,0.00558832947244,0.00522929171667,0.00351230053236,1.22852332224e-05,2.0249055577e-05,3.1378215e-05,2.85408639162e-05,0.00560153084467,0.012525162223,2.9309981e-05,2.4075613547e-05,2.0982317e-05,0.0104584973859,0.00963638471564,0.00394345388531,0.00249037389706,0.00237285991222,0.0026496903024,0.00325337494038,2.0982317e-05,2.77949846325e-05,0.00773206311978,1.89396064444e-05,0.00249628933598,0.00214375419375,0.00195561948386,0.00524492201347,0.00210948571433,0.00224896948,0.00263989101665,0.0086402357113,0.00759546136099,0.00759546136099,0.00280559602375,0.00280559602375,0.00201006769949,0.00201006769949,0.00248436398374,0.00453898452465
binarySearchFromTo,1.73906213904e-05,3.39030006472e-05,1.16411754843e-05,1.24629104998e-05,1.68957203208e-05,1.44658345681e-05,1.19576686436e-05,1.67127701943e-05,0.00795156915002,0.146631870129,1.50403611716e-05,3.84267769795e-06,5.05138729547e-06,9.0441670146e-06,9.56788563179e-06,1.29463878434e-05,9.10600361109e-06,9.41935600661e-06,0.000472868626941,1.02439417122e-05,5.83645264386e-06,5.29064546883e-06,1.11802529214e-05,1.26522942261e-05,9.10600361109e-06,9.07254026058e-06,1.13580702293e-05,6.9165606928e-06,9.13040538209e-06,6.91588810084e-06,0.000307336996856,3.05695004749e-06,7.38548380237e-06,1.09242268528e-07,9.0697021924e-06,1.18129464239e-05,1.52998173267e-05,3.93299610532e-05,0.00126592576179,0.00503678641364,1.07416281512e-05,1.28994362429e-05,1.17757330628e-05,1.25093158106e-05,3.531642739e-06,9.89569235008e-06,0.0112251721584,0.00294801890375,5.31546945667e-06,4.1183876043e-06,6.92864185559e-06,9.90915752624e-06,1.62603828293e-05,5.96747427224e-06,4.49574092644e-06,1.69508251477e-05,3.14261637573e-06,0.00561360734441,1.37373431643e-05,7.39947236255e-06,0.00239469352331,0.0167025723134,1.53570648735e-05,4.16190420951e-06,0.0100025908744,3.02612249345e-05,1.71393774489e-05,0.00171278786224,1.44679489085e-05,9.6634132136e-06,0.00320125686381,1.7426721892e-05,0.00318857905822,9.0697021924e-06,3.79799902879e-06,1.35098644128e-05,5.57376531393e-06,1.06195864036e-05,3.13316310683e-06,1.48010403336e-05,2.69174906638e-05,2.52329981308e-05,4.81571989811e-06,4.09189828776e-05,5.60701555245e-06,7.29591326242e-06,0.000930282048903,0.00397629479881,9.63447776052e-06,1.52228012718e-05,1.54276973167e-05,0.0033056746337,1.0337858474e-05,1.83511866853e-05,6.96049240568e-06,6.96049240568e-06,6.9577459656e-06,6.9577459656e-06,1.45054794473e-05,0.00133719897486
quantile,0.00233394028097,0.00233394028097,0.00292009852868,0.00512237803864,0.00138913404509,0.00370127485217,0.00697774884426,0.00698468630431,0.00178155774183,1.50403611716e-05,0.0486289780813,2.25969127035e-05,0.00266388634182,0.00271970010973,0.00168804224001,0.00897245875044,0.00132317462985,0.0014014706625,0.0103285613178,0.00299427469792,0.00251390033669,0.00153625906128,0.00280928599066,3.2724495503e-05,0.00132317462985,2.36396486504e-05,0.00200711532117,0.00249272705634,0.00201063166865,0.00299027972197,3.95365523311e-05,0.000681569019129,0.00394445290931,2.25576699955e-05,0.0039247182475,0.000308552019291,0.000641167438428,0.00848897615722,0.0016371451425,0.00442222929318,2.10733341345e-05,4.57067965857e-05,1.85708719514e-05,1.22025305383e-07,1.22025305383e-07,0.00247387775514,4.58300462316e-05,0.000298109407354,0.00428677380956,0.00194735031452,0.00142471527002,0.00392320907345,0.00893468632811,0.00280156175809,0.00285551229402,0.0109052497287,1.97223671649e-05,2.95948237298e-05,2.09999859886e-05,2.673760932e-05,0.00211696975662,0.00348773746612,3.66251150045e-05,0.00348634368833,0.00204317140032,0.00103285656175,1.51755385041e-05,2.02656873901e-05,0.00558431082761,0.00348698898343,9.86112990821e-06,2.98533451059e-05,8.48255816908e-06,0.0039247182475,2.25832786566e-05,3.24006471609e-05,3.76506258227e-05,2.79789713124e-05,2.09983661458e-05,0.00161243442247,8.48255816908e-06,0.00350879789179,0.00171670984107,1.85251848696e-05,0.00493046780465,0.00106482751885,0.0006313350352,0.00174839890853,0.00209802982082,0.00999140069964,2.18747625752e-05,0.00144987118127,0.00190902443038,0.00190902443038,2.05729747954e-05,2.06131778233e-05,0.00199422898764,0.00199212587139,2.03696746254e-05,1.92195514538e-05
sumOfLogarithms,8.67574786325e-06,8.67574786325e-06,0.00270316263415,4.68154518343e-05,3.05293064328e-05,0.00907714077376,0.00645850687821,0.00432709667094,0.0032421491291,3.84267769795e-06,2.25969127035e-05,0.0769468762367,0.027031656585,0.037202680622,0.0185019738294,0.0122135889382,0.048110716875,0.0181604146408,0.0142693027305,0.0110661378077,0.018498884614,0.019269351634,0.0410822004821,0.0317218534706,0.048110716875,0.0385241591827,0.0220221433626,0.0220184657253,0.0220203027033,0.0220184657253,0.00683532896592,0.0439008852051,0.0215550706538,0.0258757753647,0.0337068755192,0.00627683590356,0.0212432515552,1.93803701923e-05,0.00301927097919,2.2395340081e-05,0.0342351928376,0.00399394438502,0.00904129338866,0.0385055609725,0.0385055609725,0.0222003329853,0.0176553930586,0.00209897090375,0.0220540289603,0.0245944346123,0.00517567837816,0.0255925181268,0.0180860548885,0.0283651579548,0.0306657439073,0.0256995321307,0.0385097649375,0.0452942494027,0.0440495389725,0.0414882638166,0.0135247168067,4.62877230769e-05,0.00964923608654,0.0577372953718,0.00249895772844,0.00753077546607,0.0385165499725,0.01130761912,0.051330869759,0.0410821851282,0.0359641697487,6.00150690335e-06,0.0359590415487,0.0337068755192,0.0592249768225,0.0293497330744,0.0407761882624,0.0342394791453,0.0529184427981,0.0414912017219,0.0359590415487,0.00964751917203,0.0325675060307,0.0128642287154,0.0339707923258,0.0308040505,0.00758551935554,0.0192629748718,0.0231116697346,0.028398921583,0.0487622736019,0.0212705234923,0.0278773706005,0.0278773706005,0.0524242715868,0.0524242715868,0.0220287769154,0.0220287769154,0.0452902590096,0.00878775650348
kurtosis,1.12643151964e-05,1.12643151964e-05,0.00435470628164,0.0065994885483,0.00358458967026,0.00666263671283,0.00573757799262,0.0108192017743,0.00440493879268,5.05138729547e-06,0.00266388634182,0.027031656585,0.0451195981314,0.0338995112863,0.0088981119521,0.0161901037634,0.0250530609373,0.010486127975,0.0187648276667,0.00460297805996,0.0102008354072,0.0150358170829,0.0176747026988,0.0218071092306,0.0250530609373,0.0196466928722,0.0128021442187,0.0132711081859,0.0134129494359,0.0143530054748,0.0105402859805,0.0237746361295,0.0178314343162,0.0123067806478,0.0188522224632,0.00293238717949,0.00989850218092,0.000830460057427,0.00355745681796,0.00211371167436,0.0310544771461,0.00435615687856,0.00445459226033,0.0149478145894,0.0149478145894,0.0161711859372,0.00952706349412,1.65736676936e-05,0.0237729163735,0.0270839603816,0.00703834530249,0.0418637333411,0.0238279014406,0.0452790904217,0.0383592304241,0.0262944171717,0.0358478595352,0.024168541757,0.0186503506783,0.018090661645,0.0175073432997,0.000885923920086,0.00156734640947,0.0304478057729,0.00162389302524,0.00595843874667,0.0149523624641,0.00959683144454,0.0273873515623,0.0190693432411,0.0139649145647,9.70412611237e-06,0.0139615147958,0.0188522224632,0.0194052716723,0.016950124587,0.0222016996804,0.021596634764,0.0362311988232,0.0213131770947,0.0139615147958,0.00919140674955,0.0425423832179,0.00556488204104,0.0257821817486,0.0237129228149,0.00419876720625,0.00981213900632,0.010661889473,0.023516403103,0.0207383841413,0.00884763513322,0.0116538603698,0.0116538603698,0.0225113799754,0.0225113799754,0.0101675368972,0.0101675368972,0.0192398100741,0.00615066149358
pooledMean,6.83210393429e-06,6.83210393429e-06,0.00671848900267,0.00134852993959,0.00207903703549,0.00650956499908,0.00778937809639,0.00522534065754,0.00258461415382,9.0441670146e-06,0.00271970010973,0.037202680622,0.0338995112863,0.059867632991,0.0123077734422,0.0123231224314,0.0278988239183,0.0130265337259,0.0143590394038,0.0106402815777,0.0122990655273,0.0154338096064,0.0263419767457,0.0254007145114,0.0278988239183,0.0235837938592,0.014352380524,0.0143436601711,0.0143463752709,0.0143420139586,0.00619289191658,0.0299554140107,0.0224571248949,0.0144992568886,0.0188411125045,0.00167594908789,0.0118658307134,0.00404730226067,0.00202737505478,2.30766842016e-05,0.0412114935015,0.00539744988549,0.00565013650364,0.0210832061597,0.0210832061597,0.0203256595605,0.00871803397844,1.44568572119e-05,0.0250888477083,0.0282722847688,0.0114587632332,0.0449441115607,0.0187695361438,0.035635685539,0.0347473977446,0.0236544171712,0.044522840808,0.027280376871,0.0240704949734,0.0236391751739,0.0192176517645,0.00433191745942,0.000968091798984,0.0489371437129,2.32549156568e-05,0.00597320215657,0.0231907652792,0.00937788032606,0.0353797513564,0.0245439196964,0.0224516938224,6.47775326794e-06,0.0196956072557,0.0188411125045,0.0283210043416,0.0212705246269,0.0284671280221,0.0257651211616,0.0454463399052,0.0258968378316,0.0196956072557,0.0110790619291,0.0436187533462,0.00617583475161,0.0354017631883,0.0269997533852,0.00703914097311,0.00952788696525,0.0114334261789,0.0278309926763,0.0317804587132,0.0104151087346,0.0136909103097,0.0136909103097,0.0322043889078,0.0322043889078,0.0114411898275,0.0114411898275,0.0293208206173,0.0071096868983
add,6.76557101852e-06,6.76557101852e-06,0.00416648895024,0.00242693786834,0.00131266211992,0.00237940035225,3.23813541667e-05,0.00336284417944,0.00169375128035,9.56788563179e-06,0.00168804224001,0.0185019738294,0.0088981119521,0.0123077734422,0.0429876612558,0.00596686179971,0.0150353792848,0.0146927371338,0.00700024122913,4.91114627381e-05,0.0381924564606,0.00573880793644,0.024039273072,0.0118005549561,0.0150353792848,0.0175328951023,0.024792855926,0.0190842787888,0.0219357102117,0.0190842787888,0.00270736949509,0.0127479967544,0.00756827974152,0.0133764387813,0.0200405799073,3.97412701063e-05,0.00764376879573,0.00251760385135,0.000665160788371,0.00212010862193,0.0133625972936,0.00193482274121,0.00955771179322,0.0171717566227,0.0171717566227,0.0080536128566,0.00225903001938,1.45987897457e-05,0.00836591112253,0.00932410383842,3.24880329677e-05,0.00903350580838,0.00684692563329,0.00933758723658,0.0143467923927,0.0113760137638,0.0125303989601,0.011800383664,0.0200405501317,0.0292588450274,0.00603834657582,2.96637123333e-05,2.04118863542e-05,0.0233770870421,0.00131382295723,0.00295221711818,0.017177512171,0.0118036298242,0.020032372872,0.02137660508,0.0187043419612,1.23733588675e-05,0.0160350106312,0.0200405799073,0.0215853072813,0.0104676054813,0.017678234824,0.0111494589436,0.0125354222651,0.0215788501551,0.0160350106312,0.00504146995711,0.0128779427392,0.00669508069367,0.0118078459911,0.0100366266022,0.00547363706605,0.0133654082565,0.0160344531114,0.0116162154656,0.0152027031505,0.00969556932102,0.0145042074293,0.0145042074293,0.0164173116743,0.0164173323679,0.0210806479682,0.0171026655458,0.0165041590578,0.00571501246829
cosineDistance,1.43611652303e-05,8.192031897e-06,0.00572542882045,0.0147040853953,2.36219860973e-05,0.0014375798574,0.00861230681428,0.0148877599027,0.00274575968743,1.29463878434e-05,0.00897245875044,0.0122135889382,0.0161901037634,0.0123231224314,0.00596686179971,0.0388324140245,0.01415440793,0.00532273657766,0.0325269543878,0.00452811787653,0.00446457069906,0.00950009289379,0.00755728730255,0.0175812723383,0.01415440793,0.0134648719501,0.00929510992345,0.00750666899898,0.0110814829393,0.00750666791673,0.00554044960931,0.0124158040726,0.0134421708851,0.00704161153964,0.0098581598772,0.00376682714591,0.0115078726469,0.00248815631045,0.00411657006349,0.00149962724716,0.0113537557819,0.00470430089488,0.00213376052749,0.00637530071151,0.00636737055437,0.010849491723,0.00977843249737,0.000172686966153,0.00854983054878,0.00999243708714,0.00387513873319,0.018326156766,0.0291288672671,0.0168316220246,0.0170292266992,0.0337193996694,0.0099223567715,0.0126722181469,0.0122454610095,0.0143509036764,0.00438961320117,0.00265803160552,4.22656312596e-05,0.0165076094964,3.04205765931e-05,0.00354371495609,0.00803847461588,0.00756777264426,0.0257328399363,0.00754517647553,0.00750739829821,5.07958611656e-06,0.00595447838688,0.0098581598772,0.00871480923619,0.013978408192,0.0189898466692,0.0156754257072,0.00992583891454,0.00864916027055,0.00595446802688,0.00602957886107,0.0179491240912,0.0037186275264,0.0146391042947,0.0135477641722,0.00238711056254,0.00557354807336,0.00669035354244,0.0274644250578,0.0114733131384,0.00468081086083,0.00717786829974,0.00717787527563,0.0109053402623,0.0109053637664,0.00637204250685,0.00637202126677,0.0120245125461,0.00473455645913
manhattanDistance,1.74970659722e-05,1.74970659722e-05,0.00436518063128,6.14400229808e-05,4.77521216539e-05,0.0147391623015,0.00524496405208,0.00352794845833,0.0026642252375,9.10600361109e-06,0.00132317462985,0.048110716875,0.0250530609373,0.0278988239183,0.0150353792848,0.01415440793,0.0625235552578,0.0235365275457,0.0165290944743,0.00898680406696,0.0225278616982,0.0201338861218,0.0292251380292,0.0404854123309,0.0625235552578,0.0508360396289,0.0238483666161,0.0283037059196,0.0238483576875,0.0327679916339,0.00398279375479,0.027684114452,0.0176260318051,0.0210270677494,0.0469180943086,0.00615122066635,0.0241565095604,2.75083789063e-05,0.00336602208825,0.00333236902303,0.0347605665313,0.0107422617019,0.00960006894342,0.0268215050268,0.0268215050268,0.0181429089086,0.0197738474698,2.08244369667e-05,0.0218705908054,0.0227396791086,0.00421235373206,0.0195554674455,0.0188657005115,0.0262940737958,0.0260197671704,0.0298092175208,0.0273849146094,0.0478456954265,0.0313304692857,0.0337116447692,0.012475744165,3.3492225e-05,0.00394161380859,0.0417032505365,1.63445433468e-05,0.00612488820787,0.0312902683973,0.0200455307738,0.0458709463917,0.0333855380542,0.0292209172083,9.73687339744e-06,0.0250417838583,0.0469180943086,0.0337116784038,0.0387320380528,0.0331325225809,0.0451841672222,0.0312853403633,0.0433270005721,0.0250417838583,0.0104454315393,0.0219535414083,0.0104563921875,0.0239285023529,0.0437751786688,0.0060953021165,0.0260730474271,0.0250282536562,0.0329376518651,0.0393545406539,0.0172928972522,0.0256152002923,0.0256152002923,0.0384233320991,0.0384233320991,0.0238596969942,0.0238596969942,0.0404707045928,0.0123528041479
chebyshevDistance,0.0018765740051,1.53418622423e-05,0.00356582914172,3.80490393937e-05,0.00111072108399,0.00828363979287,0.00298629021483,0.00385519251225,0.0029130285936,9.41935600661e-06,0.0014014706625,0.0181604146408,0.010486127975,0.0130265337259,0.0146927371338,0.00532273657766,0.0235365275457,0.0372052230231,0.00625948943027,0.00241259033974,0.0189724045942,0.00607010868058,0.0224126900768,0.0159934909532,0.0256198567144,0.0299332607189,0.0176092091241,0.0209469310243,0.0176092059495,0.0242913481015,0.00255629374786,0.0118566094618,0.0106531795325,0.0113373119843,0.0297865317019,0.00493609171583,0.0113561806666,0.00210370037693,0.00457490251987,0.00540946799879,0.0169549993371,0.00574042333022,0.00770310572489,0.0214599517447,0.0166931247039,0.0105711507521,0.00583671308165,1.6976920987e-05,0.00991452093355,0.0127143043186,0.00299855118203,0.00875739845542,0.00570547415442,0.0109875465241,0.0129124225397,0.00967081424991,0.0126785055081,0.0202020929593,0.0190894401637,0.0231136678679,0.00940750733892,1.1400603295e-05,1.5098745859e-05,0.0196709725682,7.77431075203e-06,0.00323589267694,0.016693139649,0.012370090272,0.0201880677962,0.0247935465608,0.0222583659262,1.04067330702e-05,0.0178069716013,0.0297865317019,0.0232886331205,0.016244272231,0.0139057569337,0.0210592215022,0.0126762321541,0.0260466217332,0.0155825225627,0.00280184840964,0.0107436500619,0.00557728381943,0.0119328203544,0.0171659608839,0.00456443906301,0.021259098508,0.0166987080787,0.0106821124735,0.0169822816332,0.0104571617948,0.0152209963941,0.015221006966,0.0182822053811,0.0182821887311,0.0142492549493,0.0142492706623,0.017816946476,0.00569101137695
tanimotoDistance,1.68132318036e-05,1.8272297593e-05,0.00660251641648,0.0169209887031,2.75785990639e-05,0.00162253577161,0.00987497690756,0.0170564242472,0.00303910023338,0.000472868626941,0.0103285613178,0.0142693027305,0.0187648276667,0.0143590394038,0.00700024122913,0.0325269543878,0.0165290944743,0.00625948943027,0.0443397174519,0.00517760956785,0.00528328241869,0.0110224768645,0.00886342683038,0.0174708740802,0.0165290961174,0.0148899082144,0.0108735076154,0.00882951033429,0.0129150851595,0.00882951158742,0.00698958689161,0.0130489621436,0.014202052217,0.00764156566214,0.0115936432786,0.00506415319506,0.00728807754781,0.00286614661263,0.00395227482883,0.00174200590311,0.0132387022337,0.00473625862468,0.00252483975071,0.00754904062045,0.00753964964489,0.0110110365689,0.0111818845141,2.48350133241e-05,0.00936078264887,0.0104663732915,0.00443810341706,0.0211929092508,0.0346411598811,0.0195077152096,0.0197602033554,0.0389560827359,0.0115954771981,0.0140141021292,0.0132975884547,0.0167532441322,0.00513334007033,0.0030677742169,4.22959246349e-05,0.0192362727273,3.6908364779e-05,0.00416483046241,0.00942887914633,0.00845013355023,0.0298061613029,0.00885038071363,0.00880733365213,8.36399626256e-06,0.00705074400327,0.0115936432786,0.0102191928641,0.0126171818939,0.0175156707968,0.0147015171186,0.0115946716208,0.0101479744313,0.00705074400327,0.00702062451721,0.0207567864812,0.00352617915384,0.0154906671813,0.0132266821352,0.00257891776268,0.00660072283164,0.00792092294584,0.0317568941765,0.0133563989524,0.00549754651599,0.00844084643351,0.00844084404356,0.0127501472529,0.0127501472529,0.00754234500591,0.00754234500591,0.0140224618093,0.00521322262482
sum,1.59965714286e-05,1.59965714286e-05,0.0123623172289,0.0124790579152,0.00694771599918,4.22232058824e-05,0.00304478025595,0.0020497564881,0.0119569791882,1.02439417122e-05,0.00299427469792,0.0110661378077,0.00460297805996,0.0106402815777,4.91114627381e-05,0.00452811787653,0.00898680406696,0.00241259033974,0.00517760956785,0.0663674953878,3.76800484524e-05,0.00259964523909,0.00721207905714,0.00426279461345,0.00899126834821,0.00899572816964,5.46059489796e-05,4.43984795918e-05,4.94971054422e-05,4.43984795918e-05,0.000932290227232,0.00252194238892,0.0052620417927,5.52805433673e-05,0.00453588890179,0.00970698012062,0.00401305132756,0.00448676171875,0.0118038384653,3.58427030075e-05,0.00402796084127,0.0232748764141,3.20993685646e-05,0.00515319437755,0.00515319437755,0.00433464141537,0.0201417470112,2.04652054093e-05,0.00308680729499,0.00354227466962,0.0143415350075,0.00595584986001,0.00757292034629,0.00484590611291,0.00548293760437,0.00687525303757,0.00452696925893,0.00847077781092,0.00518895965306,0.0055633631044,0.0163573838923,0.00479540290952,0.00453140232143,0.0179168457083,3.6918297235e-05,0.00176832738178,0.00516339844898,6.11776762059e-05,0.0119739647857,0.00483350050952,0.00482394810952,8.38663003663e-08,0.00481919096667,0.00453588890179,0.00558258838462,0.00345423459586,0.00426284078571,0.0040280084127,0.0045270049375,0.0055606048956,0.00481919096667,0.00898448341658,0.00844571693795,2.63885714286e-05,0.0126493618361,0.00719664692857,0.00268642544335,0.00301803027083,0.00361087192857,0.00946633885714,0.00899211032351,0.00251495281814,0.00330780821042,0.00330780821042,0.00958824879626,0.00958824879626,0.00344560981865,0.00344560981865,0.0084628623708,0.00392033006377
dec,1.11989110185e-05,1.11989110185e-05,0.0027883211439,3.48645564051e-05,0.00131728470778,0.00708290860402,2.57063741667e-05,0.00224727753056,0.00170540781061,5.83645264386e-06,0.00251390033669,0.018498884614,0.0102008354072,0.0122990655273,0.0381924564606,0.00446457069906,0.0225278616982,0.0189724045942,0.00528328241869,3.76800484524e-05,0.0429876516654,0.00574022361151,0.02137660108,0.0141534808549,0.0225278642998,0.0225303851098,0.0190842787888,0.0219357016517,0.0190842759317,0.0247928445088,0.0025489929436,0.0130592287048,0.00803990173274,0.0133764330728,0.0275330724148,0.00286478383991,0.00992534404801,0.00251260885635,0.00109899799057,0.00422957073561,0.0155848084114,0.00379909276636,0.0110122690922,0.0171717480599,0.0171717480599,0.00849941484122,0.00225679115271,1.23666197695e-05,0.0119901262951,0.0126855615118,3.50514012258e-05,0.00832610703057,0.00535839812381,0.0106999323015,0.0143118837873,0.00955253083122,0.0125316339676,0.0141556589723,0.0200405415688,0.0246526819597,0.00798938597047,1.89970616667e-05,1.79068938542e-05,0.0233670870521,1.45486933636e-05,0.00294929075427,0.0171746521767,0.0118021963287,0.018696367552,0.024039261088,0.0187016699692,1.24010234829e-05,0.0160296773032,0.0275330724148,0.0215822272874,0.0133679441036,0.0141558677793,0.0155916656236,0.0125329147726,0.0277296070874,0.0160296773032,0.00169021803031,0.0128807223753,0.00669507936167,0.0118054907017,0.0160306166102,0.00468396019826,0.0166970682615,0.0160324511154,0.0105541154719,0.015197364661,0.00969418321426,0.0145024631543,0.0145024631543,0.0164115916858,0.0164116123793,0.0210806386269,0.0171026562045,0.0164991546555,0.00570942739229
errorRate,1.98367964559e-05,1.98367964559e-05,0.00311455545672,0.00350129600563,0.00118429919463,0.00423755047428,0.00300609217826,0.00897321040421,0.00375747325664,5.29064546883e-06,0.00153625906128,0.019269351634,0.0150358170829,0.0154338096064,0.00573880793644,0.00950009289379,0.0201338861218,0.00607010868058,0.0110224768645,0.00259964523909,0.00574022361151,0.0353914498418,0.0143275035525,0.0179001700966,0.0178995155092,0.0156740556967,0.0085306361496,0.00853062082612,0.00852977645572,0.00853232147707,0.00895052658742,0.0215113216798,0.0124386297297,0.00861602765794,0.0112053235449,0.000993610850412,0.00791917502215,2.02372092826e-05,0.00278985482912,0.000965234319938,0.0179007737774,0.00370506364269,0.0034314027034,0.012795813984,0.012795813984,0.0130575717315,0.00944099851737,1.62616330038e-05,0.0113311939952,0.013147546046,0.00420472770511,0.0146105096093,0.0127486628462,0.0155102378237,0.0157817272434,0.021295080588,0.0190101651734,0.0189496848872,0.0179082652606,0.0137787813708,0.00706838941408,3.10888614122e-05,2.47185436422e-05,0.02385129458,5.95947634773e-06,0.00476721710702,0.0153393922438,0.00524763152399,0.0226630308635,0.0155155928139,0.0143239069483,4.21010794809e-06,0.0119405919921,0.0112053235449,0.0165275905503,0.0136536339639,0.0168518770765,0.0159206150473,0.0178952254685,0.0192693377194,0.0119405919921,0.00300428691715,0.0226782492793,0.003588244858,0.0157889958929,0.0143250125278,0.00352325606758,0.00597919339563,0.00717314727783,0.0225939752339,0.0204258571761,0.00857284617648,0.00964146193713,0.00964146193713,0.0221585954334,0.0195973988138,0.00853874821482,0.00853868489987,0.0211905214596,0.00504439544803
scale,1.30598222222e-05,1.30598222222e-05,0.00462893242826,0.00782643801169,0.00432731179834,0.0157021632667,0.0166918421556,0.0148390709,0.0111335029503,1.11802529214e-05,0.00280928599066,0.0410822004821,0.0176747026988,0.0263419767457,0.024039273072,0.00755728730255,0.0292251380292,0.0224126900768,0.00886342683038,0.00721207905714,0.02137660108,0.0143275035525,0.0622490405067,0.0235883828784,0.0333918005292,0.0375626317792,0.0317826973429,0.0286128497333,0.0349588830571,0.0286128497333,0.00354462993124,0.0190843857887,0.0125527544914,0.0289303182244,0.0500376442792,0.00184163695068,0.0145491501475,0.00418866934167,0.00328646574485,0.00352995499649,0.0185742449667,0.00346387371484,0.00660616133654,0.0286096124381,0.0286096124381,0.0133533000868,0.00769385651373,1.78955766204e-05,0.0161413150745,0.0184739760427,0.00987350418538,0.0149880162524,0.0145772719757,0.0188126619819,0.0257334790351,0.0191185478532,0.0208876713417,0.0314393534667,0.0334096695381,0.0462001133436,0.0142056496251,3.23583466667e-05,0.00836270259583,0.0361584671667,0.00109900943952,0.00734455564392,0.0286191505095,0.0217341644528,0.03117346052,0.0489290338533,0.0311645471733,1.54731675214e-05,0.0267134382933,0.0500376442792,0.0513232389436,0.0221350867147,0.0275138926549,0.0222927523667,0.0208960254792,0.0359590800205,0.0267134382933,0.0111496878347,0.0179793963938,0.0133690138578,0.0235805965608,0.0200635171767,0.00591686258332,0.0222668074667,0.0267067988367,0.021117682993,0.0292173470378,0.0276250651267,0.0362643636937,0.0362643636937,0.0317921884511,0.0317921884511,0.0284777586932,0.0284777586932,0.0274981664461,0.00946250772638
