min,0.0268339169689,0.0121392828858,7.64027720288e-10,6.86746651261e-07,5.94791291918e-07,3.81786909167e-06,1.22745343236e-05,3.8121788834e-06,6.70468303259e-07,1.5347305428e-11,2.24648897237e-09,1.29928528261e-09,2.09290629799e-09,7.70497525683e-12,1.2795602879e-11,4.28739188186e-10,3.41182478167e-09,2.32819388408e-09,1.05124377214e-09,5.56258823529e-12,1.35035843911e-09,1.82493652172e-09,1.19710424471e-09,1.97260943235e-09,3.41182478167e-09,1.14938021493e-09,1.43147477718e-11,9.04682397504e-10,1.38664411765e-11,1.79773186275e-09,1.17326669107e-09,1.14651124901e-09,7.50022400279e-12,1.12881877163e-11,3.41294809163e-09,4.68844680995e-10,4.29938454622e-10,0.00245221815875,3.19606998802e-09,0.00190134347918,1.85024184926e-09,1.83305060041e-09,2.45130016447e-10,1.09697498376e-06,4.37912210893e-09,8.79393844603e-10,1.05884984203e-06,7.60577268702e-07,2.37818133854e-09,2.84109712384e-09,1.58851605419e-06,6.88225350836e-10,1.02111977674e-09,2.27268699252e-09,1.91383157021e-09,4.24905345588e-10,2.45593492549e-09,4.37042279412e-09,1.24269498162e-09,1.29993232864e-09,2.83358494507e-09,2.17884335038e-11,3.68385296822e-06,1.96504117647e-11,2.57261903076e-09,2.48634968171e-07,1.24391061152e-09,5.33699676933e-10,1.19829775647e-09,4.13298307294e-09,1.07042128992e-09,2.94843647059e-11,5.27629943697e-09,3.41294809163e-09,1.56969823529e-09,4.26938441176e-10,9.0760170778e-12,1.14469952562e-11,8.87659509804e-12,7.68930446803e-09,1.0767175084e-09,5.51405424064e-10,5.91726640423e-07,3.52295586505e-10,5.48976579521e-12,1.73967314446e-09,7.45824364881e-10,7.71542352941e-10,8.56354728571e-10,4.71577320772e-10,1.02992677271e-09,4.24743841676e-10,2.93928329994e-09,6.5942712921e-09,1.06664686675e-09,1.06664686675e-09,1.31183934238e-09,1.31183934238e-09,9.08396547822e-10,1.65104165096e-11
max,0.0121392828858,0.0268339169671,7.64027720288e-10,6.86746651261e-07,5.94791291918e-07,3.81786624537e-06,1.22745318726e-05,3.81217698492e-06,6.70468303259e-07,1.27789444788e-09,2.24648897237e-09,1.29928528261e-09,2.09290629799e-09,7.70497525683e-12,1.2795602879e-11,4.26354849951e-10,3.41182478167e-09,5.97515683391e-10,1.0487092909e-09,5.56258823529e-12,1.35035843911e-09,1.82493652172e-09,1.19710424471e-09,1.97260943235e-09,3.41182478167e-09,1.14938021493e-09,1.43147477718e-11,9.04682397504e-10,1.38664411765e-11,1.79773186275e-09,1.22936139035e-09,1.14651124901e-09,7.50169068527e-12,1.12881877163e-11,3.41294809163e-09,4.68844680995e-10,4.29938454622e-10,0.00245221815814,1.94026353942e-09,0.00190134347728,1.85024184926e-09,1.83305060041e-09,2.45369375127e-10,5.47498375599e-09,4.37912210893e-09,8.79395252095e-10,1.05884984203e-06,8.60092997076e-05,2.37818133854e-09,2.84109712384e-09,1.58851500273e-06,6.88225350836e-10,1.02111977674e-09,2.27268699252e-09,1.91383157021e-09,4.24905345588e-10,2.45593492549e-09,4.37042279412e-09,1.24269498162e-09,1.29993232864e-09,2.83358494507e-09,2.24310127877e-11,3.68385174028e-06,1.96504117647e-11,6.42920760335e-07,1.61327540243e-09,1.24391061152e-09,1.44961439103e-11,1.19829775647e-09,4.13298307294e-09,1.06622276155e-09,2.55569235294e-11,1.07777107563e-09,3.41294809163e-09,1.56969823529e-09,4.26938441176e-10,9.0760170778e-12,1.14469952562e-11,8.87659509804e-12,7.68930446803e-09,5.27524586975e-09,1.62252627914e-09,5.91726640423e-07,3.53336067474e-10,5.48976579521e-12,1.73967314446e-09,7.45236423999e-10,7.71542352941e-10,8.56354728571e-10,4.71577320772e-10,1.02992677271e-09,4.24743047558e-10,4.77568153453e-09,4.75787305752e-09,1.06664686675e-09,1.06664686675e-09,1.31183934238e-09,1.31183934238e-09,9.08396547822e-10,1.57754904066e-11
covariance,7.64027720288e-10,7.64027720288e-10,0.0191655712642,0.00250013767762,0.00164007023912,6.75161897795e-07,8.60557921913e-07,6.10899582309e-06,0.00812733548851,3.71582705178e-10,7.46640340012e-09,2.68327293408e-06,3.12269985107e-06,1.5659360848e-06,2.33006353166e-06,0.000140983524097,2.37877619133e-06,1.2123252047e-06,0.000179518331818,0.00128572323351,4.7454902888e-07,1.57868485244e-06,8.30653570393e-07,4.78370809406e-06,2.37877619133e-06,1.58953110577e-06,3.726999469e-06,1.25297812268e-06,2.48921158526e-06,1.25298013196e-06,6.98143638661e-06,2.00576628404e-06,1.25362469413e-06,1.21312073189e-06,1.58796222077e-06,0.000631487265041,1.167657139e-06,8.58015812207e-07,0.000643412722491,4.62182350643e-06,5.12344157705e-06,0.00261186355069,2.11572149174e-07,6.07640382691e-09,6.07640382691e-09,8.06429614778e-07,0.00109841768415,1.19218979627e-07,2.61847548355e-06,1.82587188256e-06,0.00110096441063,3.52140131506e-06,2.68413672467e-06,2.96465696136e-06,2.50502573e-06,0.000430431738199,3.4195958359e-06,2.28501144426e-06,8.63145512089e-07,2.67705953878e-06,0.00185640263342,9.00646021436e-07,8.5717482369e-07,1.15081808177e-06,2.25843683706e-07,8.89170057916e-08,5.12674121088e-09,2.21304627504e-06,0.000414306564979,8.28617650807e-07,6.58897352915e-09,1.30110653061e-11,5.85865574417e-09,1.58796222077e-06,1.08488513602e-06,3.70611109258e-06,4.62907350445e-06,2.65771307952e-06,3.42180994917e-06,8.92887817924e-09,5.85865574417e-09,1.67981606525e-06,3.81484066625e-06,2.7901270048e-09,7.66471746562e-07,1.82207319047e-06,2.81302229555e-06,5.35096355277e-07,1.17787235882e-06,0.000483117714701,1.47086876311e-06,2.82311958212e-07,8.62580342492e-07,8.62580342492e-07,1.52458875891e-06,1.52458875891e-06,9.18814839124e-07,9.18814839124e-07,3.80344801151e-06,0.000257769680251
durbinWatson,6.86746651261e-07,6.86746651261e-07,0.00250013767762,0.0205592401702,0.00444742000561,1.51148490001e-06,1.94576169878e-06,0.000756208219893,0.00503146184747,1.3098230112e-09,7.12693016747e-07,1.53239443494e-06,0.000728462132435,1.06636724861e-06,7.98135266028e-07,0.00167863336706,1.35962665223e-06,7.79374962426e-09,0.00214153754768,0.00291861847609,6.38367406899e-09,3.05280222144e-06,9.42834523424e-07,4.66672449126e-06,1.35962665223e-06,1.03449178837e-08,1.0648764107e-06,8.49972960042e-09,2.12407478491e-06,9.20762142565e-09,2.99440950651e-07,1.1959861424e-06,1.56658622701e-06,6.87217460876e-09,9.07030955908e-07,3.05381013807e-06,3.44440242877e-07,1.02035602083e-08,0.000427181551146,4.89314375147e-06,1.82745029815e-06,0.00176405075756,2.47910777175e-09,6.0612318596e-09,6.0612318596e-09,9.67615587451e-07,0.000835983028325,1.5288581473e-09,1.21423224734e-06,1.52657030648e-06,0.000838677666918,0.00109079263194,0.00106199080629,0.000751956871388,0.000764217462436,0.000654254899971,1.95080590018e-06,1.31140878745e-06,6.82811596124e-09,3.04656633532e-06,0.00338392772017,1.06431447128e-08,1.94479028309e-06,1.30494127144e-06,2.58682311444e-07,2.00497192472e-07,4.87020603101e-09,2.02546675173e-07,0.000933509351707,1.40608056251e-06,5.84350011296e-09,1.24668682171e-11,8.33603166445e-09,9.07030955908e-07,1.23136481837e-06,3.37918384861e-07,2.63733805192e-06,3.87531222611e-07,1.17329234552e-06,1.02834842686e-06,8.33603166445e-09,0.00021258914862,0.00139924408274,3.57970434884e-09,4.37158986379e-07,1.03835645094e-06,1.2621166101e-06,6.00424886643e-09,6.6847786e-09,6.01622029087e-06,1.25498674967e-06,3.20067998261e-07,4.90032436861e-07,4.90032436861e-07,1.30060445828e-06,1.30060445828e-06,5.24035161113e-07,5.24035161113e-07,3.63796327197e-07,0.000145285970972
lag1,5.94791291918e-07,5.94791291918e-07,0.00164007023912,0.00444742000561,0.0252887821952,6.53954691405e-07,9.19913195073e-09,1.30265293421e-06,0.00137324744923,1.50816366019e-09,6.10420447495e-09,8.80907057029e-07,1.7970128672e-06,9.19748252648e-07,5.27187742413e-09,3.59754830054e-09,1.46953177157e-08,4.07264602809e-07,4.41818075695e-09,0.00125876251136,6.62251076551e-09,3.16582261073e-07,8.07240577163e-07,6.96326086191e-07,1.46953177157e-08,1.2416089549e-08,5.20413664685e-09,6.09293963767e-09,6.13302319104e-09,7.00498110201e-09,2.6927958275e-07,5.26807634004e-07,4.14735785353e-07,3.55243281951e-09,7.78120158959e-07,1.55002976781e-06,2.91060207421e-07,1.68225653252e-06,0.000119461543825,1.96717151904e-06,9.50232612429e-07,0.00076165695217,3.4461118661e-09,5.94526888744e-09,5.94526888744e-09,8.52225381579e-07,1.44468915004e-06,1.37570564621e-09,0.000120538737136,1.00700558868e-06,0.000360290725245,1.41936767034e-06,7.46883335801e-09,8.48200943949e-05,8.35828414004e-07,5.68676228291e-07,1.34520975314e-06,2.00554545934e-08,7.53596007773e-09,1.05342892568e-08,0.00365495536107,8.80894934231e-07,5.02224709298e-09,1.12335285167e-06,2.53531666823e-09,2.94010439045e-07,6.68338388011e-09,5.03635748248e-07,8.12066986662e-07,8.10034807397e-07,6.45077832938e-09,2.73017845403e-09,7.1629256587e-09,7.78120158959e-07,9.49693998159e-09,2.81741833697e-06,6.55870408597e-07,1.65101074083e-08,6.7337274039e-07,1.17803047134e-08,7.1629256587e-09,1.73447997337e-06,0.000819760119257,2.40159188928e-07,3.75396731683e-07,1.09517283781e-08,1.18342578977e-06,5.67609013341e-09,4.02412219251e-09,6.39421122488e-07,7.23570441539e-07,2.72905327971e-07,4.21656477315e-07,4.21656477315e-07,7.49599711101e-07,7.49599711101e-07,4.03925567952e-09,4.03925567952e-09,6.33574740518e-07,0.000621119797
meanDeviation,3.81786909167e-06,3.81786624537e-06,6.75161897795e-07,1.51148490001e-06,6.53954691405e-07,0.0301946035464,0.0134543172178,0.00625705779198,0.00146922089781,2.12097335202e-11,9.81693176136e-07,1.41518664111e-06,0.000462638294491,2.1451814917e-06,9.6219562061e-09,1.10440437557e-06,0.00124567000631,1.27453015009e-06,1.11914545359e-06,8.09484285081e-09,2.20830156069e-06,1.49928170488e-06,0.00258323615496,3.239288262e-06,0.00124567000631,4.97770481594e-06,9.89267959134e-07,2.45358661213e-06,9.892674606e-07,3.92084076511e-06,4.92725963647e-07,1.05381587564e-06,1.3170030377e-06,2.8558169774e-06,0.0024888436949,1.25239466294e-06,9.49058097435e-07,7.42144434005e-09,8.97337957226e-07,5.21856509904e-06,2.02624002136e-06,2.98832067449e-06,4.29636717404e-09,4.79818295341e-09,4.79815430824e-09,1.26119290335e-06,0.00116188714123,3.29010447106e-09,0.000365429481777,0.000439026462874,0.00404552753464,2.07308534441e-06,1.47401370215e-06,0.00047624404589,2.33460165074e-06,2.69716813189e-06,1.08444148889e-06,4.80051622659e-06,1.35623263322e-06,1.41377080239e-06,0.000789102575724,9.83947557784e-09,5.38309686771e-06,1.80109863453e-06,3.88961941574e-09,1.88543647174e-09,5.39655523118e-09,5.45621582355e-07,2.58842397436e-06,0.00258517099172,1.15901273743e-06,1.30302344086e-11,5.78117292396e-09,0.0024888436949,0.0017028947573,1.80560136084e-06,2.09473631857e-06,3.1405235085e-06,1.08605602006e-06,5.62415156329e-06,5.77886532604e-09,1.78809572434e-09,1.30084593926e-06,3.84841067098e-07,1.20314524267e-06,0.000952574992516,4.94595360646e-09,9.11752916625e-09,7.38993384147e-09,3.03279548706e-06,2.31223497287e-06,0.000873467985826,0.0013454392237,0.00134543986998,1.20193537757e-06,1.20193537757e-06,1.44509350853e-06,1.44509350853e-06,2.02110141754e-06,8.40770693389e-09
product,1.22745343236e-05,1.22745318726e-05,8.60557921913e-07,1.94576169878e-06,9.19913195073e-09,0.0134543172178,0.0764027847223,0.00808065593824,0.00189678600006,9.35498207025e-12,2.54554558838e-09,1.83517941316e-06,1.10930062503e-06,3.67936546367e-06,1.14871067153e-08,5.72142231613e-07,4.82534623091e-06,8.28445341641e-07,7.27746616676e-07,2.61465370317e-06,1.14852089937e-08,1.93014107706e-06,0.00333835168843,4.1764084057e-06,4.82534623091e-06,4.82536545526e-06,1.27653292942e-06,1.27653039913e-06,1.27653166301e-06,1.27653039913e-06,5.18371537312e-07,1.63416019543e-06,1.70250435374e-06,6.13605889472e-06,0.00320995033984,6.50668046276e-07,1.85150957429e-06,6.96706606944e-09,7.58288031527e-07,2.69625946252e-06,3.9166849689e-06,2.75154408457e-06,4.78109263977e-09,1.54522130833e-08,1.54460340833e-08,1.62993322683e-06,0.00150745241971,1.43218728774e-09,1.46172673204e-06,1.74594807508e-06,0.00596280805364,2.67911352241e-06,9.59300277623e-07,1.13930612971e-06,2.70224534969e-06,3.48265749321e-06,1.40002228625e-06,4.65281487052e-06,2.43594410764e-08,1.81413932174e-08,0.00101779204798,1.45235761812e-08,1.04271025105e-05,2.34029402786e-06,5.00323373634e-09,7.11083537958e-10,1.73837118819e-08,2.80805465577e-09,5.02168340846e-06,0.00333835168842,1.63943899524e-08,5.63900555556e-12,1.50299854176e-06,0.00320995033984,0.00439256800225,3.48035423164e-06,1.35487775147e-06,4.04708070176e-06,1.40003340013e-06,1.81468189529e-08,1.5029955626e-06,2.28718800606e-09,8.4737201747e-07,2.95840498235e-09,1.55558648004e-06,3.68508340701e-06,2.4909216189e-09,1.28376689573e-08,1.43000525262e-08,3.91798706525e-06,4.48493009226e-06,0.00112994789627,0.00174036689481,0.00174036690002,1.56455613755e-06,1.56455613755e-06,1.87034487099e-06,1.87034487099e-06,3.92409609207e-06,4.66065110123e-09
weightedMean,3.8121788834e-06,3.81217698492e-06,6.10899582309e-06,0.000756208219893,1.30265293421e-06,0.00625705779198,0.00808065593824,0.0322716087795,0.000738102667963,3.06199944553e-10,1.47315257596e-06,1.41940190901e-06,0.000508637176551,1.44778476973e-06,3.78777937624e-07,0.000474430694248,2.50377117823e-06,6.37600986283e-07,0.000606160395611,1.41421876492e-08,1.03765358765e-08,4.23501718131e-06,0.00129291744914,5.39735330287e-06,2.50377117823e-06,1.25439587364e-06,1.47950791516e-06,9.88306048121e-07,1.97021953784e-06,9.88306046166e-07,1.93158267762e-06,1.68019092615e-06,3.76649379785e-06,9.58295132077e-07,0.00124319110432,5.04504839626e-07,9.31852276604e-07,1.54852870806e-08,1.41967890098e-06,0.00157077994909,2.03330350374e-06,2.49444889601e-06,3.56925136873e-09,3.60822357467e-09,3.60819731661e-09,3.11128724424e-06,0.00289576501564,4.12087937431e-09,0.00037697739366,0.000450390714977,0.00332086927369,0.000766878406954,9.91463298992e-06,0.000525038319602,0.00053329328677,1.30208732883e-05,1.08713395342e-06,3.60339912207e-06,1.08011722245e-08,1.41728412497e-06,0.000394189341492,1.33534903086e-08,2.70433541343e-06,1.80468195444e-06,6.52151503627e-09,2.83799581776e-09,4.05179650134e-09,7.10247024116e-09,0.00129615358137,0.00129291228785,3.48106520161e-09,2.90948064516e-11,3.48221036866e-09,0.00124319110432,3.40579548147e-06,1.81142661847e-06,3.14104067239e-06,2.09891527179e-06,1.08714040503e-06,4.24204715708e-09,3.47990277074e-09,8.88896582818e-07,4.84119071176e-06,1.53955779848e-09,1.20313089563e-06,1.91371213682e-06,4.95424139002e-09,9.1257959239e-09,1.20124974442e-08,1.1115213283e-05,1.16477354835e-06,0.00043680536336,0.000673400201042,0.000673401830565,1.20432907437e-06,1.20432907437e-06,7.29019779226e-07,7.29019779226e-07,1.02395410591e-06,7.53355531917e-09
autoCorrelation,6.70468303259e-07,6.70468303259e-07,0.00812733548851,0.00503146184747,0.00137324744923,0.00146922089781,0.00189678600006,0.000738102667963,0.0201529029226,3.93240766246e-07,6.93746484003e-07,2.48422882677e-06,3.7077966274e-06,3.26416583232e-06,7.82510586953e-09,1.41943297264e-06,3.95021991803e-06,4.54583849363e-07,1.80367415841e-06,0.00285228411369,1.09291748298e-08,2.72065390891e-06,0.00182000912645,0.000762517084541,3.95021991803e-06,1.76229160028e-06,6.98379564266e-07,7.00104065992e-07,6.99069986098e-07,7.02518322879e-07,4.16547569143e-07,1.76048411874e-06,1.86640881237e-06,2.0127387024e-06,0.00175001490524,0.00035298519075,9.10795519073e-07,9.97117959091e-09,0.000850106453182,0.000737550623976,3.56821775908e-06,0.00262349196606,9.76400661296e-08,5.92092569949e-09,5.92092569949e-09,1.89358482416e-06,0.000822256123052,6.60683370401e-08,2.16640132002e-06,2.04253190774e-06,0.00285086498415,4.02137491501e-06,1.95291164328e-06,3.72530313364e-06,3.53119717854e-06,3.01550387332e-06,3.61461200473e-06,4.64945378471e-06,9.5246985786e-09,9.92153031324e-09,0.00476435354327,1.00199461033e-06,1.90248587655e-06,2.53916797488e-06,2.50138289428e-07,2.74934454612e-09,5.71026291477e-09,3.86452240167e-07,4.10639461612e-06,0.00182046730213,7.33608413555e-09,2.29327818182e-09,5.70946400731e-09,0.00175001490524,0.00119857180388,4.12125797779e-06,1.11440734622e-06,1.84865550826e-06,2.66670575435e-06,1.00794621905e-06,5.70946400731e-09,8.31847822658e-07,0.00091336828816,3.76718862433e-09,1.27402406244e-06,3.02277381604e-06,1.3450982631e-06,1.1748637001e-06,7.1714836526e-09,2.67830618876e-06,2.85026982186e-06,0.000921994158917,0.000947922333213,0.000947922333213,2.11324108719e-06,2.11324108719e-06,1.01516001057e-06,1.01516001057e-06,1.77348929259e-06,0.000283120441614
binarySearchFromTo,1.5347305428e-11,1.27789444788e-09,3.71582705178e-10,1.3098230112e-09,1.50816366019e-09,2.12097335202e-11,9.35498207025e-12,3.06199944553e-10,3.93240766246e-07,0.036559902694,7.95396915099e-10,7.2505935177e-12,3.45739530678e-10,7.26404405253e-10,6.84281676728e-12,6.35639256453e-10,6.74915213438e-10,6.4283162776e-12,2.00809664022e-09,4.4876589921e-12,3.60249380534e-12,1.07424235375e-11,6.39860090966e-12,2.01912421534e-09,6.74915213438e-10,6.70689965298e-10,8.04294665222e-12,3.72397459591e-12,5.87774934565e-12,3.7225160363e-12,2.99578674516e-07,4.95443481388e-10,4.31088341327e-11,5.18342600774e-13,6.02499152973e-12,4.09629823258e-10,2.75710638672e-10,4.67358024551e-09,6.37470096938e-10,1.53159754207e-09,5.47229078858e-10,1.67073293021e-09,4.44695835516e-10,8.57209649239e-12,3.00644593714e-12,2.81684617908e-10,6.17632475524e-07,4.96732688214e-08,5.67062376375e-10,1.19782992974e-10,1.69040078583e-10,5.73065050909e-10,7.0231033296e-10,2.87903313393e-10,2.90683137717e-10,1.42623614394e-10,6.70624832259e-12,1.92739811812e-09,7.24060669785e-10,8.33006750394e-12,1.00881015502e-09,1.18402888949e-06,1.23551091447e-09,5.55125403323e-12,4.80448585517e-07,1.4409193595e-07,7.24385471435e-10,1.06051399986e-09,7.00870929992e-10,4.9113538195e-12,6.22878139647e-10,1.44351434819e-11,3.48756649393e-12,6.02499152973e-12,9.94754638708e-13,4.98268709646e-10,1.5254401503e-11,1.95316756777e-09,6.06166863797e-12,7.55270202405e-10,1.31313509838e-12,6.50143870244e-10,1.79020687996e-10,6.43648984174e-10,8.82304538091e-12,5.203299161e-10,4.68716197281e-10,8.89387684805e-10,7.10170699617e-12,2.91764683461e-10,6.20824108481e-10,1.66877045694e-09,1.5970602155e-11,2.41565398659e-10,3.32824865758e-12,3.32824865758e-12,6.86055834167e-12,6.86055834167e-12,5.4631227678e-10,2.97137204605e-10
quantile,2.24648897237e-09,2.24648897237e-09,7.46640340012e-09,7.12693016747e-07,6.10420447495e-09,9.81693176136e-07,2.54554558838e-09,1.47315257596e-06,6.93746484003e-07,7.95396915099e-10,0.029390282867,1.3393638274e-09,2.44172123885e-07,7.08906830681e-07,3.16848267942e-09,2.57499599916e-06,4.09745473776e-09,1.20541612537e-09,3.26614832959e-06,9.697738125e-10,3.85135422556e-09,5.15729457762e-09,1.21458008568e-06,2.29859868687e-09,4.09745473776e-09,3.04413333333e-11,1.40367379247e-09,1.62384916896e-09,1.17732025712e-09,2.31416918733e-09,1.17525393382e-07,1.777607301e-09,7.88272912838e-07,4.48986292335e-09,1.168434865e-06,4.58741672821e-09,4.50077769319e-09,1.89743568448e-06,4.62354546868e-07,9.80485939573e-07,4.92537143939e-10,1.81994917186e-07,1.97335195528e-09,5.68987991021e-12,5.68987991021e-12,7.48515289921e-07,4.9119022619e-09,6.3016236186e-10,8.90931782033e-07,2.16334299793e-07,4.3604790579e-09,7.10608272824e-07,3.45268657461e-06,2.51069695144e-07,5.01742065027e-07,3.37587151707e-06,1.02534414545e-09,1.71673028395e-09,2.91510833333e-11,3.58465939394e-10,5.57190850848e-07,6.61076497498e-07,2.55562325e-09,8.4260613313e-07,3.71580685064e-09,1.7261710768e-09,1.28163585354e-09,1.11729941567e-09,6.9928220303e-09,1.21425980687e-06,1.09097794913e-09,8.11122843232e-09,1.08881344913e-09,1.168434865e-06,3.20501929187e-09,1.08683480051e-09,1.7400764565e-09,5.17723072336e-10,1.02585576667e-09,1.9902445863e-09,1.08881344913e-09,9.67519768212e-07,3.07740704989e-07,2.15675949234e-09,1.12516224991e-06,4.0299810508e-09,7.88723826505e-08,1.56770729448e-09,2.60960498355e-09,0.000948868870828,1.64289278769e-09,4.10738497919e-07,6.32577629134e-07,6.32577629134e-07,1.69475161941e-09,1.70036777092e-09,6.74083857539e-07,6.74081155983e-07,9.62985028868e-10,1.51999140079e-09
sumOfLogarithms,1.29928528261e-09,1.29928528261e-09,2.68327293408e-06,1.53239443494e-06,8.80907057029e-07,1.41518664111e-06,1.83517941316e-06,1.41940190901e-06,2.48422882677e-06,7.2505935177e-12,1.3393638274e-09,0.0434971758224,0.00957362938932,0.0138346754193,0.00495752769495,0.00353555714623,0.0217558746121,0.00598296677586,0.00450900767757,2.73917671203e-06,0.0049555523985,0.00402476323751,0.0156800295879,0.0101623398921,0.0217558746121,0.01340303849,0.00660476947043,0.00660213574183,0.00660345128795,0.00660213574183,0.00115682573428,0.0116648629392,0.0053032041673,0.0102519373709,0.0117274548813,6.03882954464e-06,0.00676153624349,5.46200739312e-09,1.58523704367e-06,9.85419445302e-09,0.0122527377963,2.22176618808e-06,0.001772009563,0.0112963188567,0.0112963188567,0.00591557998175,1.63261250895e-05,2.0322906753e-09,0.00749493911265,0.00893687192941,2.72868409369e-06,0.00863965644539,0.00594270260583,0.00984463427825,0.00911859869282,0.00726450970237,0.0130724826276,0.0209501014815,0.0181558170544,0.01326656619,0.00372109267018,1.90740268822e-06,3.6377084023e-06,0.0265918043696,2.84990734796e-09,0.000368236733786,0.0127083478388,2.06362421415e-05,0.0243747974148,0.0156800295879,0.0109021941134,5.86685217391e-12,0.0108990869736,0.0117274548813,0.0274874302243,0.0108852850538,0.0154509327048,0.0126381683451,0.0232130579914,0.0132665709112,0.0108990869736,3.17631314241e-06,0.0110143200789,0.00102865833969,0.0112858438302,0.0115230358415,0.000877844749593,0.00558753068905,0.00622610810317,0.00817121471407,0.0216567926921,0.00412606499608,0.00635740168127,0.00635740168127,0.0223973574465,0.0223973574465,0.0048491933696,0.0048491933696,0.0185886685023,9.29311996919e-06
kurtosis,2.09290629799e-09,2.09290629799e-09,3.12269985107e-06,0.000728462132435,1.7970128672e-06,0.000462638294491,1.10930062503e-06,0.000508637176551,3.7077966274e-06,3.45739530678e-10,2.44172123885e-07,0.00957362938932,0.021785832793,0.0181264995119,0.00153864480026,0.00457122748003,0.0097358236078,0.00249351738519,0.00582520537202,2.76798161486e-06,0.00153858827617,0.00390313216874,0.00544995844199,0.00752399137348,0.0097358236078,0.00469881383608,0.00369852747677,0.00369801925556,0.00369947103948,0.00369845211131,0.000533045584725,0.00511453419228,0.00445972702516,0.00359309194026,0.00469638946819,2.34092593551e-06,0.00275105409513,7.89313591442e-09,9.87043615545e-05,1.85247788803e-06,0.0157601825947,2.18554736324e-06,0.00054995986011,0.00250684824809,0.00250684824809,0.00382695517946,9.72532506773e-06,9.21075174619e-10,0.00912653869986,0.010894670014,0.000234577119439,0.020879095356,0.00830517324435,0.0214435571543,0.0154031917334,0.00713227604519,0.0177522269471,0.00985267477438,0.00282736845775,0.00294666208259,0.00617570797743,5.8971872977e-07,5.849563521e-07,0.00985981876381,3.39673726924e-09,0.000233018602702,0.00281774401721,0.000552151255176,0.0101381961722,0.00595816657333,0.00241917150038,1.56442571683e-09,0.00241828878093,0.00469638946819,0.0063480203811,0.00621626262314,0.0071083042989,0.00721643659998,0.0177799010117,0.00540476468074,0.00241828878093,0.000283166376666,0.0178699827179,0.000325049479374,0.00551860121848,0.00744504909793,0.000283528900952,0.00177162983574,0.00197410187518,0.00656622571188,0.00682712035035,0.00165273138816,0.00254523522501,0.00254523522501,0.00707989301534,0.00707989301534,0.00153820624108,0.00153820624108,0.00583217079312,0.000390699387648
pooledMean,7.70497525683e-12,7.70497525683e-12,1.5659360848e-06,1.06636724861e-06,9.19748252648e-07,2.1451814917e-06,3.67936546367e-06,1.44778476973e-06,3.26416583232e-06,7.26404405253e-10,7.08906830681e-07,0.0138346754193,0.0181264995119,0.0358947636129,0.00283574093768,0.00280495533776,0.00964985884184,0.00431565238053,0.00357719626572,2.86308889504e-06,0.00283574073276,0.00319314018811,0.00917280527216,0.00836259748512,0.00964985884184,0.00801308219669,0.0049925862859,0.00499258684815,0.00499258573282,0.00499258601268,0.000645530629566,0.00647854855784,0.00562787299192,0.00484885378037,0.00634040841333,3.32813852767e-06,0.0035657463569,1.9432819945e-06,1.91728024066e-06,4.26738683635e-09,0.0213737520428,3.00113633682e-06,0.00101408472444,0.00462243424779,0.00462243424779,0.00493824734418,8.20291884258e-06,2.96525816106e-10,0.0126527781392,0.0151007320221,0.000419320415931,0.0217348770272,0.00566308335864,0.0175122314971,0.0146454513229,0.00576291380716,0.0220752407704,0.00929245826792,0.00520722012721,0.00542808359761,0.0104467202307,4.96023411154e-06,1.03454496261e-08,0.0225687923367,2.27312117009e-09,0.000345806275745,0.0052030773679,1.22045334313e-05,0.0135970171145,0.00833956680132,0.00446436090554,9.05067063855e-12,0.00446292709123,0.00634040841333,0.0109751437945,0.00697211316781,0.0102678898217,0.00809343688807,0.0220780686026,0.0054290299449,0.00446292709123,0.000847997700021,0.02431839761,0.000484019313504,0.0117828319949,0.00737931233555,0.000874615755378,0.00208121193648,0.00232039151329,0.00793531189681,0.012144030943,0.00222945006896,0.00343613940667,0.00343613940667,0.0117876849476,0.0117876849476,0.00180551961864,0.00180551961864,0.010429851865,5.14096684737e-06
add,1.2795602879e-11,1.2795602879e-11,2.33006353166e-06,7.98135266028e-07,5.27187742413e-09,9.6219562061e-09,1.14871067153e-08,3.78777937624e-07,7.82510586953e-09,6.84281676728e-12,3.16848267942e-09,0.00495752769495,0.00153864480026,0.00283574093768,0.0241839319072,0.0013866882679,0.00525788201591,0.00624956601364,0.00176922305663,1.14080881957e-08,0.0205718451303,0.000704555963418,0.00955956510299,0.00304016669964,0.00525788201591,0.00788200875893,0.012407037296,0.00759092159351,0.00999656897644,0.00759092159351,0.000260733673829,0.00173708238606,0.000700396766,0.00535964318551,0.0078837588394,2.46019941823e-06,0.00192511894424,1.91776871386e-09,1.24426893377e-06,5.88870451291e-09,0.00356251494131,5.60818517864e-07,0.00185489386684,0.00422139479386,0.00422139479386,0.001111424704,5.69605671774e-06,7.58114951663e-10,0.00158438573084,0.00189032056762,7.17048893546e-09,0.00169480953128,0.00103965615118,0.00158111048254,0.00477940547571,0.00285023250825,0.00228410835631,0.00253537208274,0.00853884472099,0.0153300494181,0.000834821982834,6.94785913793e-09,1.92256582195e-09,0.00885859849762,4.9754490037e-07,0.000192674425399,0.00474811933255,0.00322603455391,0.00819682911199,0.00819820192117,0.00731981900581,1.53352184087e-09,0.00407306657153,0.0078837588394,0.00958614002841,0.00253315755067,0.00477713896313,0.00294209754294,0.00228410836476,0.00891108400906,0.00407306657153,2.90126416933e-06,0.00267135896688,0.0013417190018,0.00253705224194,0.00268316916904,0.000904489883144,0.00350704775074,0.00390720450534,0.00320526956164,0.00404664304224,0.00184908603303,0.00424124438581,0.00424124438581,0.00416538739844,0.00416538740017,0.00553517618871,0.00553416097541,0.00552349515571,0.000576634779635
cosineDistance,4.28739188186e-10,4.26354849951e-10,0.000140983524097,0.00167863336706,3.59754830054e-09,1.10440437557e-06,5.72142231613e-07,0.000474430694248,1.41943297264e-06,6.35639256453e-10,2.57499599916e-06,0.00353555714623,0.00457122748003,0.00280495533776,0.0013866882679,0.0150636712983,0.00520687574866,0.0015940728933,0.00857314210117,2.56202250208e-06,0.00123280810147,0.00208602290138,0.00216975077649,0.00766673166255,0.00520687574866,0.00364762800768,0.00307823667556,0.00287265362032,0.00328423171513,0.00287265362032,0.000306543848961,0.003525633596,0.00358737549452,0.00199365209183,0.00364710856312,2.15010647405e-06,0.00232643653695,3.69576367659e-09,8.81865046239e-05,1.14636226854e-06,0.00338771562306,0.000182890095234,0.000441018992151,0.00100651553537,0.00100651553137,0.00302797543979,0.000496572287974,8.14236908671e-10,0.00233530340391,0.00277306473255,1.35745693296e-06,0.0052830684749,0.00689893253829,0.00467983149872,0.0040012941393,0.00836810592761,0.00316082106843,0.00351203503906,0.00113515237648,0.00294893878935,0.000826632366443,6.22099037259e-09,5.1103519845e-09,0.00451126767073,3.30663136495e-09,0.000114900956548,0.00113120131561,0.00143017234575,0.00761605265423,0.00216812962034,0.000971535009829,4.8682399201e-10,0.000971050950283,0.00364710856312,0.00285136419787,0.00676390284319,0.00785357277096,0.00611117406524,0.00316194832114,0.00118215278845,0.000971050950279,1.23760840186e-06,0.00395665673791,0.000479654466544,0.00375901654792,0.00596940975916,0.000267267910825,0.00173770410675,0.00193668738321,0.00637466958693,0.00338439200804,0.000916339090913,0.00197575022499,0.00197575022499,0.00350923025427,0.00350923025427,0.00150689599836,0.00150689599835,0.00329582925084,0.000681215040736
manhattanDistance,3.41182478167e-09,3.41182478167e-09,2.37877619133e-06,1.35962665223e-06,1.46953177157e-08,0.00124567000631,4.82534623091e-06,2.50377117823e-06,3.95021991803e-06,6.74915213438e-10,4.09745473776e-09,0.0217558746121,0.0097358236078,0.00964985884184,0.00525788201591,0.00520687574866,0.0384763402604,0.00830997438016,0.00598077930754,2.42312267558e-06,0.00875176313391,0.00415563612549,0.0107908000262,0.0166935993879,0.0384763402604,0.0251775310859,0.0116736771819,0.0140005996749,0.0116736771819,0.0163321853392,0.000585678560771,0.00684529328821,0.00508892818799,0.00793667423197,0.0236938062323,2.09028502325e-06,0.0109056956863,8.85102017468e-09,1.05360040578e-06,3.74011420865e-06,0.0132403984664,7.81783323643e-06,0.00281770327822,0.00714104560688,0.00714104560688,0.0056155501723,2.47500296183e-05,1.07817977371e-09,0.00615568434889,0.00734679707803,3.78814980992e-06,0.00666387150128,0.00613375616007,0.00993471657146,0.00746615273094,0.00963676499795,0.0102718134937,0.0228105655542,0.00804330130935,0.0134080485201,0.00235270307781,1.68564053525e-06,1.61381418762e-06,0.0192436111368,2.52568643364e-09,0.000327020323751,0.00803207052728,0.00407321349646,0.0230954015685,0.0107923369477,0.00689288051101,1.54796615385e-11,0.00689013051103,0.0236938062323,0.0141943542713,0.014975443405,0.0136675062346,0.0186327680212,0.0128346340078,0.00839133614552,0.00689013051103,2.81331549034e-06,0.0074598459673,0.0013651692539,0.00855485615536,0.0215101900714,0.000762209403467,0.0128343294153,0.0110055066155,0.0108413594081,0.017777444365,0.0046910397453,0.00963271181225,0.00963271181225,0.017007854619,0.017007854619,0.00856828239011,0.00856828239011,0.0176069523509,0.00194026737013
chebyshevDistance,2.32819388408e-09,5.97515683391e-10,1.2123252047e-06,7.79374962426e-09,4.07264602809e-07,1.27453015009e-06,8.28445341641e-07,6.37600986283e-07,4.54583849363e-07,6.4283162776e-12,1.20541612537e-09,0.00598296677586,0.00249351738519,0.00431565238053,0.00624956601364,0.0015940728933,0.00830997438016,0.0176974352369,0.00203381645482,8.61283098284e-09,0.00669475362683,0.00121207725224,0.0102117796283,0.00458629217721,0.00981826849555,0.0128371206803,0.00714380869765,0.00803447863139,0.00714380869764,0.00892693347482,0.000225327230797,0.00200810769747,0.00158192734944,0.00462342794011,0.0120814660823,2.42748049129e-06,0.00360757959637,1.66713004575e-09,0.000373222987852,6.42665159595e-07,0.00491545804513,2.73522785503e-06,0.00175689974423,0.00872913146047,0.0050995032811,0.00171052124219,7.71642060035e-06,6.60786036887e-10,0.00182313749322,0.00217579910743,1.0556954613e-06,0.00254072013957,0.00178878122271,0.00256070493938,0.00490382087228,0.00327670263981,0.00327910034942,0.00509733408431,0.00900410378275,0.0119539812609,0.00119919957556,5.98642510827e-09,1.66104096242e-09,0.00764053705125,1.29161655509e-09,0.000486739144354,0.00573285458583,0.00458357306618,0.00942825021184,0.0102117819793,0.0105217213012,1.32559622353e-09,0.0063207416079,0.0120814660823,0.0123993932023,0.00382300492738,0.00444087921197,0.00570526820881,0.00327910100434,0.00939473488922,0.00491878292442,1.43352950674e-06,0.00308754302389,0.0011573315034,0.00363980902334,0.00462458364255,0.00117725580568,0.00655054099756,0.00505491598831,0.00368629046272,0.00627027519787,0.00265796997051,0.00529584792489,0.00529584792489,0.00647475325368,0.00647475325368,0.00477718801633,0.00477718801634,0.00716603353095,0.000988917124176
tanimotoDistance,1.05124377214e-09,1.0487092909e-09,0.000179518331818,0.00214153754768,4.41818075695e-09,1.11914545359e-06,7.27746616676e-07,0.000606160395611,1.80367415841e-06,2.00809664022e-09,3.26614832959e-06,0.00450900767757,0.00582520537202,0.00357719626572,0.00176922305663,0.00857314210117,0.00598077930754,0.00203381645482,0.0192269746818,3.24032501195e-06,0.00157289307458,0.00265836402777,0.00276829321998,0.00690754881614,0.0066432461517,0.00465386010598,0.00392740555341,0.00366510977849,0.00419022696384,0.00366510977849,0.000391057401036,0.00327415297218,0.00350495210663,0.00254260803224,0.0046531983488,3.39545113256e-06,0.00219387550936,4.71630445301e-09,0.000110193711599,1.46392476672e-06,0.0043200961424,0.000229535010513,0.000562676930549,0.00128417499459,0.00128417498948,0.00267721413177,0.000625090300093,1.08566818357e-09,0.00238639791891,0.00284474269135,1.72632588479e-06,0.00673718156372,0.00984895375011,0.00596354554647,0.00510614609961,0.0106514194165,0.00403162083356,0.0044821322121,0.00144685849949,0.00376243958226,0.00105403588639,8.66647689186e-09,5.05124436329e-09,0.00575575528846,4.9643722171e-09,0.000146597768051,0.0014432568384,0.00182470114528,0.00971812117236,0.00276691450175,0.00123954465771,5.86860308981e-10,0.00123892707012,0.0046531983488,0.00363703858081,0.00431897863649,0.00501451530122,0.00501558401596,0.00403104669851,0.00150976463758,0.00123892707012,1.57901026298e-06,0.00503761225904,0.00020568470453,0.00319764594177,0.00508013246111,0.000340996133508,0.00221707119798,0.002470945959,0.0081147626177,0.00431800861937,0.00116911874575,0.00252077964692,0.00252077964692,0.00447729344334,0.00447729344334,0.00192259143765,0.00192259143765,0.0042050161157,0.000869131690314
sum,5.56258823529e-12,5.56258823529e-12,0.00128572323351,0.00291861847609,0.00125876251136,8.09484285081e-09,2.61465370317e-06,1.41421876492e-08,0.00285228411369,4.4876589921e-12,9.697738125e-10,2.73917671203e-06,2.76798161486e-06,2.86308889504e-06,1.14080881957e-08,2.56202250208e-06,2.42312267558e-06,8.61283098284e-09,3.24032501195e-06,0.0625156250079,9.9862160366e-09,9.63851549904e-09,1.26506507258e-06,2.09378966157e-06,2.42312267558e-06,1.92909592067e-08,7.62131637311e-09,7.61942432765e-09,7.62036940341e-09,7.61942432765e-09,9.17770592844e-07,1.63294603846e-06,1.57313761774e-06,7.40818020772e-09,1.6894305375e-08,0.000968288500071,7.10099539157e-09,2.61200005609e-06,0.00187531923104,2.02622988827e-06,9.81061534766e-09,0.00318537416579,5.701072345e-07,1.85486575116e-08,1.85486575116e-08,1.23170287342e-06,2.34777534621e-08,1.601217754e-09,1.44783361405e-06,1.72560304733e-06,0.00447378518197,9.97483990423e-07,2.85443117133e-06,2.85219777501e-06,1.63170412014e-08,1.39228143767e-08,2.09379381469e-06,1.85695325e-08,2.09011328672e-08,2.17840489918e-08,0.00451174202277,5.45654895254e-06,5.23701046883e-06,6.96532296185e-06,1.36754555646e-06,3.13258717656e-09,2.0869822974e-08,6.29268737608e-09,2.0046307615e-08,1.50700725825e-08,2.01295089799e-08,4.2168e-12,1.78973527455e-08,1.6894305375e-08,2.30987302993e-08,8.71710861806e-09,1.01200565363e-08,1.01251069375e-08,2.09379591883e-06,2.17881196467e-08,1.78973527455e-08,1.14320230582e-06,3.743905172e-06,3.69786992206e-09,1.179430632e-06,1.85297804053e-06,3.68263024149e-06,1.28606475401e-08,1.07464965286e-08,1.56631583242e-08,2.25219739454e-06,5.96087240334e-09,7.86479523722e-09,7.86479523722e-09,2.33560462159e-06,2.33560462159e-06,8.37621767059e-09,8.37621767059e-09,1.53098901387e-08,4.63815306948e-06
dec,1.35035843911e-09,1.35035843911e-09,4.7454902888e-07,6.38367406899e-09,6.62251076551e-09,2.20830156069e-06,1.14852089937e-08,1.03765358765e-08,1.09291748298e-08,3.60249380534e-12,3.85135422556e-09,0.0049555523985,0.00153858827617,0.00283574073276,0.0205718451303,0.00123280810147,0.00875176313391,0.00669475362683,0.00157289307458,9.9862160366e-09,0.0241839319071,0.000703857364459,0.00819820192117,0.00379849927615,0.00875176313391,0.0105026381296,0.00759092159351,0.00999656897643,0.00759092159351,0.012407037296,0.000260393408015,0.00173657774364,0.000700273050594,0.00535964318551,0.0139965210772,2.98537406334e-06,0.00289426089379,9.73169279202e-10,1.17012134748e-06,1.47289859675e-06,0.0042762894406,3.16814975246e-06,0.0024092174073,0.00422139479386,0.00422139479386,0.00111126307541,5.69564964633e-06,7.56984378397e-10,0.00158555671891,0.00189172217692,8.18691528165e-09,0.00169346446383,0.00103875286851,0.00158105037779,0.00514270945331,0.00253347319433,0.00228448487108,0.00253537460798,0.00853884472098,0.0118784683904,0.000834823994024,5.95724945611e-09,9.76545932743e-10,0.00885733713272,2.48191599241e-09,0.000193043216628,0.00474717330982,0.00322603455232,0.00728728820016,0.00955956510298,0.00731900812918,1.53505364087e-09,0.00407225569329,0.0139965210772,0.00958494505234,0.00316478728582,0.00367889959435,0.00440837246961,0.00228335040945,0.0118735346029,0.00407225569329,8.33491451974e-07,0.00267114573022,0.00134171900154,0.00253705140145,0.0046878476443,0.000904488190905,0.0052541339984,0.00390720450339,0.00285015627365,0.00404421041237,0.00184908603185,0.00424124438395,0.00424124438395,0.00416286467116,0.00416286467289,0.0055351761887,0.00553416097541,0.00552349515289,0.000576633373192
errorRate,1.82493652172e-09,1.82493652172e-09,1.57868485244e-06,3.05280222144e-06,3.16582261073e-07,1.49928170488e-06,1.93014107706e-06,4.23501718131e-06,2.72065390891e-06,1.07424235375e-11,5.15729457762e-09,0.00402476323751,0.00390313216874,0.00319314018811,0.000704555963418,0.00208602290138,0.00415563612549,0.00121207725224,0.00265836402777,9.63851549904e-09,0.000703857364459,0.0144445053432,0.00247386279206,0.00411334849004,0.00415386097756,0.00296865742785,0.00233847461452,0.00233754314761,0.00233800841405,0.00233754314924,0.00122674248764,0.00253337240919,0.00249896111985,0.00226924391092,0.00296806511898,9.5364328157e-07,0.00174512389343,6.74812672885e-09,1.03122892397e-06,2.58093111827e-07,0.00337597647409,0.000202844554299,0.000251786698864,0.00114816412652,0.00114816412652,0.0026932327333,0.001103861566,2.22910944463e-10,0.00231197575252,0.00275690162027,1.10874661883e-06,0.00412648589659,0.00385315684615,0.00401633612478,0.00423197237146,0.00812778870487,0.00359950053851,0.00571169290318,0.00129361028466,0.00134918263885,0.00112934078232,6.78945195773e-07,5.14621262244e-09,0.0042837726761,1.18668232966e-09,0.000770898485272,0.00128975514747,0.000547747630737,0.00493539941605,0.00308863171513,0.00110825716322,7.75194564103e-12,0.00110770551652,0.00296806511898,0.00324859840408,0.00342779063125,0.00348388588615,0.00398214742585,0.00308668156518,0.00268764484151,0.00110770551652,0.000282525623297,0.00419202927939,0.000182811601771,0.00256981085275,0.00317648509689,3.40017239083e-06,0.00118975386989,0.00132572749631,0.0086639533938,0.00330654975778,0.00225185471234,0.0025162949634,0.0025162949634,0.0034284251544,0.00342785250655,0.00206147433013,0.00206146486359,0.00330479788614,0.000388868428441
