min,1.0,0.51827914916,7.46090918928e-05,0.0120280797413,0.0327302083203,0.0416666109524,0.0854870839998,0.0386085257293,0.0120494857095,4.96565613492e-05,0.0115655997694,3.42485802055e-05,7.41283329192e-05,3.05374174574e-05,3.56909285312e-05,8.59671071347e-05,8.76870176975e-05,0.0106379540077,9.42450941494e-05,8.11612523862e-05,6.73872941042e-05,0.000138736258651,5.72531614787e-05,7.0207677394e-05,8.76870176975e-05,6.12320193943e-05,4.1327007568e-05,5.30106270636e-05,3.45022807624e-05,7.83807920654e-05,0.000132117239828,6.77535373701e-05,4.90178231878e-05,1.29379705025e-05,0.000102740471723,9.44534389933e-05,6.9881665785e-05,0.146127558293,0.0167554109249,0.176873433572,7.02299095777e-05,9.26348314865e-05,3.40319926659e-05,0.0456557797478,0.000108237827964,9.12644554055e-05,0.000132606216793,0.044713243965,9.6639033396e-05,0.00010263300087,0.0304460192109,4.86178452052e-05,8.16945017364e-05,7.89370667639e-05,7.86409825061e-05,5.2983535838e-05,4.93841186677e-05,7.03354398852e-05,3.41130655168e-05,4.27111953111e-05,0.00778712247501,4.93686790948e-05,0.0567292214645,3.71585758521e-05,0.0207248857461,0.0135898412303,3.42029770728e-05,0.000106474089736,4.13095038987e-05,8.51900381118e-05,7.90051732035e-05,0.000137284267188,0.0157924227237,0.000102740471723,5.09241411375e-05,8.93161893909e-05,2.34210116211e-05,4.47779108308e-05,1.57477506609e-05,0.000108889411651,7.89479040842e-05,0.00011960043985,0.00827958750793,4.66734044967e-05,2.32356624164e-05,6.49044040913e-05,0.0113452760443,7.82304588384e-05,4.24079342675e-05,4.66169841268e-05,2.92002846461e-05,0.000135271661834,8.78425946285e-05,0.000227216188823,2.97959302104e-05,2.97959302104e-05,7.62099570519e-05,7.62099570519e-05,2.88114161165e-05,9.87134268302e-05
max,0.51827914916,1.0,7.46172118825e-05,0.0120294927669,0.0327340583062,0.0416553795251,0.085476404836,0.0385982421545,0.0120509012875,0.000108188343593,0.0115669606715,3.4252603883e-05,7.41357991175e-05,3.05410088403e-05,3.56951256662e-05,5.17802574408e-05,8.76964634157e-05,8.69578965029e-05,0.000101834883245,8.11697705608e-05,6.73945738605e-05,0.000138750758478,5.72598934799e-05,7.02151089091e-05,8.76964634157e-05,6.12392216082e-05,4.133186721e-05,5.30164741696e-05,3.45063372414e-05,7.83892365499e-05,0.00207540220641,6.776052619e-05,4.9072980012e-05,1.29394881753e-05,0.000102751689903,9.44645479873e-05,6.9889884872e-05,0.146114959954,0.000194243467082,0.17685826343,7.02373428183e-05,9.26452523452e-05,4.76759570829e-05,0.000170586331449,0.000108248727636,9.13234436535e-05,0.000132617187539,0.073286133266,9.66492208186e-05,0.000102643709694,0.0304379265025,4.86229837841e-05,8.17031471678e-05,7.89450833528e-05,7.86492026073e-05,5.29893879013e-05,4.93890800019e-05,7.03428634265e-05,3.41170753578e-05,4.27162149276e-05,0.00778803828546,7.38056424274e-05,0.0567046155605,3.71629449826e-05,0.0378154260562,0.00465132572318,3.42069973991e-05,5.9506709442e-05,4.13143567712e-05,8.51991426604e-05,3.19974780768e-05,0.000120379759286,9.47301447348e-05,0.000102751689903,5.09301298352e-05,8.93266956847e-05,2.34237647167e-05,4.4783179732e-05,1.57496005782e-05,0.000108900334485,0.0157785083762,0.000178574201304,0.00828055948725,5.8278671441e-05,2.32383952567e-05,6.49112635824e-05,0.0113311874204,7.82396631022e-05,4.24129193943e-05,4.66220697119e-05,2.92037170309e-05,0.000135280059663,0.000140163314624,0.000174928794617,2.97994325328e-05,2.97994325328e-05,7.62189191547e-05,7.62189191547e-05,2.88147993219e-05,7.91797270574e-05
covariance,7.46090918928e-05,7.46172118825e-05,1.0,0.203101067283,0.108143065522,0.031917223556,0.0194224073856,0.0722910652886,0.452849117852,3.76482529857e-05,0.0163968290086,0.0121693484295,0.02852321732,0.0340586355525,0.0319791499504,0.0502817072968,0.0217116218538,0.0229381508351,0.0547132575894,0.111757568794,0.0166702568706,0.0205524254356,0.0229699905171,0.0562630955042,0.0217116218538,0.0216102149707,0.0468719903641,0.0288329856713,0.0378360418122,0.0288546719649,0.0241714042142,0.0158309251192,0.0333223220245,0.0181236499087,0.0322415438286,0.0671621880196,0.0150736609972,0.0215054938133,0.105995875739,0.0448751116501,0.0364874835981,0.281205026836,0.00956493163789,0.000103531748348,0.000103531748348,0.0237230082073,0.10766529335,0.0116239176767,0.0450987898378,0.0371773860018,0.169101188096,0.0384422932873,0.0362343914164,0.0262561777881,0.031525943706,0.0682349079979,0.0240956239438,0.0106932998808,0.0120438617244,0.0231060733589,0.193634884368,0.0116499758593,0.000256874181409,0.02599013237,0.000210743643282,0.00343471276909,0.000148987832267,0.0353206373896,0.0694567424869,0.0229648994827,0.000160721203466,3.58828861487e-05,0.000160751048409,0.0322415438286,0.0120377239616,0.0183416543478,0.0315757213529,0.0210823879957,0.0213728395936,0.000202880797129,0.000160751048409,0.0162510376266,0.0324269644004,0.000136979677814,0.0162770083226,0.0286766861496,0.0462160297606,0.0184024430064,0.0197553126586,0.0612664812452,0.0103001369397,0.0143522423929,0.0253518879015,0.0253518879015,0.0101527744431,0.0101527744431,0.0180654158101,0.0180654158101,0.020073251085,0.0788196006064
durbinWatson,0.0120280797413,0.0120294927669,0.203101067283,1.0,0.272155083476,0.0337816437035,0.0571637772833,0.115783750427,0.345790404778,4.12942857741e-05,0.0285356264961,0.000293436802737,0.0708503720889,0.00682885002557,0.0181938657556,0.185362105983,0.000391785842239,0.000271994770732,0.203372730353,0.14888566998,0.000236881737388,0.0372514253568,0.0492427597435,0.0458877948386,0.000391785842239,0.000305045751685,0.0212195437836,0.000231029192826,0.0422653216197,0.000262787740537,0.0199715887034,0.00714105201011,0.0367303133729,0.010305821712,0.0340273121355,0.0421601979359,0.00215515363716,0.0185839131583,0.106432844268,0.056374927046,0.0171528233107,0.181343286671,0.000168861010473,0.000101433840744,0.000101433840744,0.0239479242067,0.0684071091513,0.000179910373031,0.0227067843922,0.0292241945632,0.150120345144,0.0893981349687,0.146335957066,0.0703891142819,0.0810461111259,0.15269118087,0.0148181694191,0.0117586897427,0.000180615430981,0.0521017967508,0.229672238827,0.00673110926453,0.0337299479513,0.00769540284568,0.000251723124344,0.00759970972447,0.000148492203163,0.000283431946362,0.0915954833095,0.0424118598337,0.000150905764341,2.74881492282e-05,0.000173738188015,0.0340273121355,0.0373595933864,0.0205667654563,0.0468555657845,0.000397372660512,0.000299188196233,0.013300792178,0.000173738188015,0.0360949229773,0.0984972059178,0.000159410048537,0.0125636959531,0.00039230882018,0.0199348870716,0.000220711483746,0.000198817975498,0.0790638848311,0.000263120652099,0.0217995176032,0.0262595495157,0.0262595495157,0.000244203492369,0.000244203492369,0.000231747359327,0.000231747359327,0.00030629498843,0.0392786606945
lag1,0.0327302083203,0.0327340583062,0.108143065522,0.272155083476,1.0,0.0226236657469,0.00922796359624,0.0210528201377,0.163551598885,4.3635265517e-05,0.00594310649668,0.000133044761062,0.0199675790304,0.00804279335477,0.00596296956427,0.00012449296268,0.000209716957162,0.00544810429294,0.000136281396879,0.0590140828127,0.00598658166358,0.00597284632842,0.0241505727309,0.0193032042697,0.000209716957162,0.000204205603339,0.00688792450266,0.00688417157579,0.00690044364169,0.00691538900954,0.0126560186808,0.000183710260672,0.000260340733468,5.87304344254e-05,0.0227369299496,0.0203980835213,0.00705937616458,0.0413969548431,0.0539163097489,0.0576465405091,0.0139449857894,0.0774282846573,0.000124487926247,5.15149234213e-05,5.15149234213e-05,0.022497146777,0.00705543538657,8.16640320457e-05,0.0317170590782,0.0136118821692,0.0561760511721,0.0105189550542,0.000190350228601,0.0186865216349,0.00480979287339,0.00626663366865,0.0157996137565,0.000260499944314,8.54954154761e-05,0.000138060464459,0.244279457902,0.000143431755033,0.00765246895779,0.000127858837137,0.000101546974282,0.0053989889701,7.7710288986e-05,0.000112450181322,0.000190996405287,0.0241573859022,7.24286763105e-05,0.000101322480558,8.08369527402e-05,0.0227369299496,0.00848204852372,0.0463950413754,0.000195222582043,0.000259682691123,0.00017140104274,0.000164921033181,8.08369527402e-05,0.00331987788898,0.0725907947328,0.000213713050204,0.000128705171119,0.000234076902207,0.019247230667,0.00660046760355,0.00702165438767,0.0069960148334,0.000119825098822,0.0145223670372,0.017511602657,0.017511602657,9.83442342933e-05,9.83442342933e-05,0.00641999472739,0.00641999472739,0.000123684942242,0.0617309093276
meanDeviation,0.0416666109524,0.0416553795251,0.031917223556,0.0337816437035,0.0226236657469,1.0,0.353176262934,0.320536930312,0.109075526688,4.02178401923e-05,0.0178853998237,0.0348463622535,0.0541438008215,0.028358759943,0.012236846054,0.00782695719102,0.10536062375,0.0457277486885,0.00825844754666,0.000188974910846,0.0454902747861,0.0240490984561,0.144197079683,0.0154971393657,0.10536062375,0.0316337183192,0.0281315881221,0.0475567369584,0.0281315272774,0.0670208937948,0.00671584013054,0.0275208959969,0.0181594187682,0.0382983311033,0.179112714487,0.0151518813854,0.0293022761031,0.0314634146071,0.0195962816242,0.0562459928321,0.0306189083111,0.0321534609051,0.00703538702652,4.83337278385e-05,4.81777260297e-05,0.0140489975092,0.0922578399418,0.0127388296579,0.0975554087969,0.101148807654,0.276104175614,0.0189060982647,0.00996615925508,0.0547994359653,0.0207338311139,0.0127130742755,0.0314591414846,0.0459046116641,0.000284004164965,0.000146640383258,0.0834578206171,0.000143677652086,0.114142167594,0.0189982586577,0.0108208029829,0.000129179737386,8.29321511263e-05,0.000236254237097,0.0169332628155,0.1673233715,0.000155561631576,3.51242746539e-05,7.73694267615e-05,0.179112714487,0.100459167877,0.0265486746607,0.0315277807794,0.0458888555612,0.0470859651266,0.0481124025019,6.11192462689e-05,9.06445668062e-05,0.00877678444558,0.00018536194268,0.0158307726023,0.107927393977,0.008216278325,0.0268047176088,0.0144487788657,0.0142593401023,0.0149199110879,0.102605560161,0.11328907182,0.113349574983,0.0146438973554,0.0146438973554,0.0264214864432,0.0264214864432,0.0146450576298,0.000251393504798
product,0.0854870839998,0.085476404836,0.0194224073856,0.0571637772833,0.00922796359624,0.353176262934,1.0,0.28204981637,0.0962431358602,2.82672502813e-05,0.0286309331475,0.0211180972282,0.0244879174262,0.0288803340986,0.000160829585456,0.0395728636442,0.0190735863117,0.0140436208849,0.0424648824431,0.0107581899439,0.000131714042049,0.0145509612211,0.127535852269,0.0185278130518,0.0190735863117,0.019088849911,0.0169834745552,0.016949741275,0.0169918655085,0.016949741275,0.017695232496,0.0117966762767,0.0311103765531,0.0480322962568,0.119870948562,0.0121145722741,0.023355374912,0.046076178828,0.0292192905196,0.0865207031477,0.0185295759055,0.0293223135506,0.000117175257453,0.000124702199798,8.27528063655e-05,0.0259753690783,0.0747010608707,0.0152331185695,0.0363794908156,0.0442213699977,0.274827996954,0.0291342916389,0.0381256768654,0.024816597081,0.0307648650385,0.0452613237683,0.0190355440988,0.0185721498059,0.000226221236229,0.000135423461046,0.0648267080218,0.0101966910845,0.145085191969,0.0342593722052,0.013002754692,0.000106419308322,0.000124596048308,9.161680797e-05,0.0405633104363,0.127477802623,0.000116176344608,8.69866894018e-05,0.000167991590084,0.119870948562,0.134915426568,0.0160456095286,0.0190984004524,0.0185707427912,0.0190532963619,0.000104061785537,0.000148424162826,0.00716375198316,0.00577136459598,8.48550143067e-05,0.0378924157166,0.0170934857916,0.000135934880242,0.000102184711938,0.000127103934032,0.0423934854755,0.0180192978935,0.0977118613541,0.103998909781,0.104071763108,0.0177073996564,0.0177073996564,0.015991864893,0.015991864893,0.0176872601216,0.000142928554963
weightedMean,0.0386085257293,0.0385982421545,0.0722910652886,0.115783750427,0.0210528201377,0.320536930312,0.28204981637,1.0,0.095792437107,4.51458451193e-05,0.0327838174225,0.0161868582919,0.0799451861158,0.0221496899808,0.0167844370036,0.120936407522,0.0146662229281,0.020673583876,0.131118677749,0.00825325833905,0.0112121484045,0.0657354418675,0.104754504862,0.0352104554208,0.0146662229281,0.0146197177208,0.0322644076913,0.025806781854,0.0386962531451,0.0258067690222,0.0470731157011,0.0363850122044,0.0688937316816,0.0249021347262,0.0983953811999,0.00933729788402,0.0179013613381,0.0361581778048,0.0359534710598,0.128049270746,0.01428893585,0.0233928061924,0.000164950875022,4.49496483345e-05,4.48065165888e-05,0.0452495710451,0.156539928117,0.0116977910315,0.0606688051771,0.0748643139296,0.250047985862,0.101028472868,0.107217954703,0.0784164757904,0.0850516599077,0.115215851099,0.0146191501731,0.0143215219243,0.016120204347,0.0160633179725,0.0531237519917,0.00791953896861,0.0804841775997,0.0261978474953,0.000219681573017,0.000127546183176,0.000100509522063,0.000174248515711,0.113047495046,0.104688508713,9.37797437538e-05,6.3691369935e-05,0.000101165439088,0.0983953811999,0.0604943541952,0.0124540904981,0.029096245322,0.0143191941291,0.0146326703091,7.71768459888e-05,8.62545749275e-05,0.0109362308319,0.0561024624873,8.47451277025e-05,0.028962022232,0.0131819602639,0.000178900191089,0.0123486952865,0.0133046084864,0.0795794992374,0.013779608777,0.0799992347535,0.0852562070739,0.085315897686,0.013539935374,0.013539935374,0.0241721320075,0.0241721320075,0.0135726575498,0.000207072650736
autoCorrelation,0.0120494857095,0.0120509012875,0.452849117852,0.345790404778,0.163551598885,0.109075526688,0.0962431358602,0.095792437107,1.0,0.0298022433701,0.00958127166363,0.0138980548902,0.0253562626304,0.0126110622379,0.00967677207866,0.016572256275,0.0127490670586,0.0178818415728,0.0171672634869,0.131605719588,0.00975847505027,0.0273222424838,0.118345380102,0.0821831507797,0.0127490670586,0.0126472453163,0.0221911806372,0.0222332713317,0.0222021710314,0.0222864537337,0.0159831491577,0.0146859750302,0.0205187467242,0.0306937393745,0.111423213354,0.0557436464069,0.0098850933944,0.0247765383415,0.144494438525,0.12577205479,0.0291717391154,0.248316695343,0.0028967975427,0.000104149838749,0.000104149838749,0.0243429727437,0.137385098784,0.0224505019593,0.0339024035453,0.0360070460993,0.245637340087,0.0197687167081,0.0201429860112,0.0234271274619,0.0333389731707,0.0200022520578,0.0274249538215,0.0481637934243,0.000227256348102,0.000132391410182,0.360312155193,0.0264940333473,0.0347063451761,0.0150967903454,0.000103356507051,0.000160292813237,0.000165580130887,0.000194006164186,0.0266808311255,0.124961408782,0.000154200677048,0.000114538669324,0.000116087990512,0.111423213354,0.0820460694082,0.0207208725074,0.0125697703134,0.0123385770033,0.0126334724012,0.0139309174269,0.000116087990512,0.000205590542103,0.0716953049439,0.000143646236644,0.0126042174256,0.0114675431472,0.0201601980298,0.0402076192198,0.0114604720523,0.011424987116,0.0118768865011,0.0970605276056,0.0835810338025,0.0835810338025,0.011637414866,0.011637414866,0.0104855972084,0.0104855972084,0.0116432761222,0.0584196926613
binarySearchFromTo,4.96565613492e-05,0.000108188343593,3.76482529857e-05,4.12942857741e-05,4.3635265517e-05,4.02178401923e-05,2.82672502813e-05,4.51458451193e-05,0.0298022433701,1.0,4.74154599503e-05,9.07619084493e-06,1.55869626716e-05,2.42036320442e-05,3.01689756524e-05,4.29909342957e-05,2.38368600426e-05,3.19146919936e-05,0.00147059842463,2.59805540046e-05,1.83934206473e-05,1.84172280591e-05,2.92884118911e-05,3.4155580804e-05,2.38368600426e-05,2.37349765926e-05,3.48588538714e-05,2.12157371163e-05,2.80160782066e-05,2.12136683243e-05,0.00109621165073,8.91442263718e-06,2.863167334e-05,3.07974324315e-07,2.37009378466e-05,4.52361582783e-05,5.52736530463e-05,0.000110622257854,0.00632894861706,0.0147323363039,3.06655147322e-05,4.80213999622e-05,4.67099615135e-05,3.17447311463e-05,8.96261186577e-06,3.91324634336e-05,0.0358420069732,0.0142082018839,1.7615959179e-05,1.47728718857e-05,2.45884547211e-05,2.83698999483e-05,4.79388081654e-05,1.77897223758e-05,1.43619359339e-05,4.62862729277e-05,8.23481182512e-06,0.0151174380465,4.16556803545e-05,1.74403190463e-05,0.00790144547332,0.0438069854935,4.02222239615e-05,9.86345176309e-06,0.0344159481582,0.000149939069726,5.03014251153e-05,0.00506169745122,3.79227771817e-05,2.53077332692e-05,0.00811046527372,4.0806138584e-05,0.00807262438256,2.37009378466e-05,8.95241134972e-06,3.8941372647e-05,1.55206839263e-05,3.03577205559e-05,8.20957000145e-06,4.18757395416e-05,6.81444639129e-05,7.36638331997e-05,1.24530209299e-05,0.000156559782317,1.56002247042e-05,2.13674289129e-05,0.00397462249898,0.0132885756696,2.88892125725e-05,4.23075722727e-05,3.80731086265e-05,0.0104138228778,2.92765062556e-05,5.19039554635e-05,1.58875205286e-05,1.58875205286e-05,1.99828011642e-05,1.99828011642e-05,3.7335738579e-05,0.00506106314363
quantile,0.0115655997694,0.0115669606715,0.0163968290086,0.0285356264961,0.00594310649668,0.0178853998237,0.0286309331475,0.0327838174225,0.00958127166363,4.74154599503e-05,1.0,9.83314415928e-05,0.0142813531435,0.0126514421264,0.00923833928389,0.0637930941571,0.00602079965707,0.0082450164629,0.0690056277324,0.0131832452327,0.0137620251683,0.00929551625692,0.0128063818957,0.000163424090494,0.00602079965707,0.000107327595154,0.0106914616152,0.0132805570099,0.0107101912973,0.0159333082635,0.000286388833191,0.00344383577531,0.0291472980357,0.00012032964149,0.0178439560161,0.00206868876613,0.00404097837117,0.0516697156743,0.0163364392734,0.0327325842536,0.000109573989008,0.00030728149403,0.000137668318365,5.71763361957e-07,5.71763361957e-07,0.0195612248614,0.00022008216906,0.00212369833104,0.0246405411505,0.0121310536384,0.00878582552313,0.0195313334057,0.0578921028861,0.0145198455706,0.0158487914702,0.0656219235713,9.48095861465e-05,0.000143751513667,9.25489959407e-05,0.000109446983702,0.0121615232318,0.0187204835401,0.000182053602674,0.0143402942557,0.0121993825036,0.00720172509808,6.69317111956e-05,0.000104039409372,0.0254229679253,0.0158913228063,4.33902309354e-05,0.000134798100363,3.733650056e-05,0.0178439560161,0.000104128562038,0.000169240009125,0.000189318993319,0.000143767838645,0.000100594237064,0.00660115567336,3.733650056e-05,0.0217100549,0.00713449864645,0.00013680578941,0.023827275837,0.00541731310821,0.00468706328447,0.0101471125049,0.0109185018101,0.0834400384414,9.87264576715e-05,0.00794428231509,0.0093905051006,0.0093905051006,8.6405768034e-05,8.6574834436e-05,0.00996526228094,0.00995475511072,9.59098381269e-05,0.000129513510412
sumOfLogarithms,3.42485802055e-05,3.4252603883e-05,0.0121693484295,0.000293436802737,0.000133044761062,0.0348463622535,0.0211180972282,0.0161868582919,0.0138980548902,9.07619084493e-06,9.83314415928e-05,1.0,0.37065477139,0.432902525202,0.227846390169,0.173387088339,0.602082872883,0.271026510325,0.19369369188,0.0388534676826,0.227792398833,0.239163378108,0.473059763268,0.354787630779,0.602082872883,0.424781815006,0.273577649468,0.273511950006,0.273544766855,0.273511950006,0.0802257227161,0.53866185157,0.317050893828,0.362089339532,0.373414693313,0.0421475258269,0.322329602188,8.33105900143e-05,0.0209841069854,0.000110090781504,0.42566107845,0.0187946734411,0.133165586144,0.392545394766,0.392545394766,0.351796350575,0.0710621655756,0.0118611165514,0.368434160842,0.42010424226,0.0254066493788,0.312957647677,0.239398927679,0.374754709184,0.414823311594,0.284425718147,0.429648485141,0.588020487219,0.510334965024,0.405068826814,0.186507081966,0.000234398077296,0.0480985622551,0.656799372846,0.0118592649732,0.0654424972329,0.405109374662,0.0901438437258,0.668409766645,0.473059723621,0.372304955767,1.94047114621e-05,0.372257487494,0.373414693313,0.664024386844,0.394412936528,0.495133871139,0.428578464968,0.667537958531,0.405085807789,0.372257487494,0.0586545309474,0.382088515882,0.12476335838,0.385138955887,0.394421526497,0.0985144499049,0.252453069905,0.271462173808,0.306264881807,0.57927366141,0.229211803712,0.290253226407,0.290253226407,0.584751687127,0.584751687127,0.239486508792,0.239486508792,0.568728355862,0.0793968496198
kurtosis,7.41283329192e-05,7.41357991175e-05,0.02852321732,0.0708503720889,0.0199675790304,0.0541438008215,0.0244879174262,0.0799451861158,0.0253562626304,1.55869626716e-05,0.0142813531435,0.37065477139,1.0,0.650426215966,0.122585296998,0.301864006855,0.391201494258,0.174387478806,0.33537678659,0.0211313773624,0.13434069667,0.280103745146,0.248625801362,0.335072752723,0.391201494258,0.236426440138,0.202359218927,0.207543515804,0.205764466548,0.216149970984,0.107852867045,0.364212194401,0.349449183567,0.194084616443,0.23848102951,0.0203577101868,0.189231749984,0.00393437888414,0.0414328245221,0.0120140843133,0.631010110176,0.0309058405301,0.0725039959902,0.167647454341,0.167647454341,0.317965324874,0.0578085057114,0.000132421116216,0.574433013101,0.659060607158,0.059824290438,0.846050391931,0.431897788929,0.965396869707,0.812988596588,0.383618986708,0.661657354377,0.392911508611,0.186578881317,0.180625822186,0.361569110449,0.0042220150806,0.00742580427355,0.391926414948,0.010070526769,0.0697372709847,0.171544342055,0.105380152931,0.423299657567,0.270062331096,0.158174255406,4.48239898811e-05,0.158142196649,0.23848102951,0.246205458388,0.307274811055,0.335638151579,0.34290780468,0.664289319572,0.253217074607,0.158142196649,0.0764155795438,0.751986715653,0.0661729764163,0.313687241795,0.365908631636,0.0679960681968,0.140291684813,0.144879648659,0.340025764663,0.289436540793,0.128402312718,0.163033486515,0.163033486515,0.293086903648,0.293086903648,0.128282302794,0.128282302794,0.282947150694,0.0869843923966
pooledMean,3.05374174574e-05,3.05410088403e-05,0.0340586355525,0.00682885002557,0.00804279335477,0.028358759943,0.0288803340986,0.0221496899808,0.0126110622379,2.42036320442e-05,0.0126514421264,0.432902525202,0.650426215966,1.0,0.154599696468,0.173482643764,0.349901936362,0.211124296308,0.193198431419,0.0423113874311,0.154547738794,0.221442301445,0.319219383235,0.325892020827,0.349901936362,0.279977856014,0.204424746379,0.204372116396,0.204390512557,0.204364193138,0.0683145032665,0.376012470043,0.367552501184,0.199375554207,0.22515342123,0.0101871360505,0.202306445459,0.0166021953471,0.016009553423,0.000119562186462,0.687445657844,0.0322478738178,0.0879559868179,0.212847142945,0.212847142945,0.343730401894,0.0424230677072,9.34102700474e-05,0.588054834996,0.668697145306,0.0828942609057,0.723256460808,0.267090052175,0.638116871296,0.618135482488,0.276353869331,0.667147757794,0.345808097743,0.227466695708,0.222284621399,0.424429446779,0.0178772599704,0.00399121966988,0.626827513189,0.000134043367911,0.0604207934529,0.226915432306,0.0839477543795,0.456932196536,0.293892487962,0.212198783612,2.37373852315e-05,0.201268676582,0.22515342123,0.314988066472,0.309534618139,0.383139285771,0.341140692541,0.674092552827,0.230619345972,0.201268676582,0.0979559922367,0.75484375774,0.0643185401418,0.443156728181,0.33179148439,0.10288035885,0.125686049044,0.135215398092,0.339988050678,0.391610520599,0.131667873234,0.167249598383,0.167249598383,0.371169749605,0.371169749605,0.12209938114,0.12209938114,0.382701230185,0.0723204429359
add,3.56909285312e-05,3.56951256662e-05,0.0319791499504,0.0181938657556,0.00596296956427,0.012236846054,0.000160829585456,0.0167844370036,0.00967677207866,3.01689756524e-05,0.00923833928389,0.227846390169,0.122585296998,0.154599696468,1.0,0.0990749480558,0.233474380217,0.330501733884,0.110706689084,0.000274927551091,0.869588785753,0.0818682539298,0.37485622324,0.156794573271,0.233474380217,0.307142907226,0.514249484747,0.355315475425,0.434702934747,0.355315475425,0.0357653357711,0.162780517499,0.109055912409,0.251518186855,0.319317925631,0.0004219934615,0.143790060209,0.0121487697202,0.0062652481937,0.0114702328416,0.191886082894,0.012190883049,0.178692945504,0.221212748425,0.221212748425,0.134779011596,0.0202588795966,0.000119348479383,0.142363839708,0.164038422901,0.00024060992982,0.115379383712,0.0871931226886,0.123994791784,0.2745236211,0.157294535102,0.146302379702,0.155753855305,0.316901848347,0.495153405818,0.0813650792039,0.000153547822363,9.86485174697e-05,0.320674878187,0.00837403801795,0.038354757222,0.227497135717,0.194533235419,0.330813817718,0.329357383334,0.296176984618,6.50948078113e-05,0.209298505853,0.319317925631,0.323059400291,0.1500852009,0.244331205618,0.158695641636,0.146317997596,0.322386161289,0.209298505853,0.0408611983734,0.160590854883,0.123607271041,0.151117416423,0.146272321603,0.0985816817465,0.223638059191,0.240451013922,0.164742828353,0.194712924695,0.144134712724,0.234895515573,0.234895515573,0.196610893829,0.196610989752,0.318143533687,0.289694139168,0.258347115119,0.0856076190514
cosineDistance,8.59671071347e-05,5.17802574408e-05,0.0502817072968,0.185362105983,0.00012449296268,0.00782695719102,0.0395728636442,0.120936407522,0.016572256275,4.29909342957e-05,0.0637930941571,0.173387088339,0.301864006855,0.173482643764,0.0990749480558,1.0,0.24395760848,0.111467383889,0.602644027039,0.0223796988588,0.0834605440707,0.186599067455,0.118179126398,0.354394843403,0.24395760848,0.195339413793,0.173702824067,0.155143405933,0.192265730748,0.155143399482,0.0635714030157,0.25246164317,0.301039945005,0.123059546804,0.170442803678,0.0281448030098,0.213559813354,0.0126534688573,0.0523133889782,0.00860937851883,0.199869476493,0.0476558213793,0.0479953774247,0.0800381637112,0.0799990680213,0.259375418897,0.0805247908213,0.00138672188671,0.194242580195,0.223931051187,0.0267796122798,0.314039983815,0.482181493413,0.303864360356,0.311224853108,0.524090603955,0.164473271264,0.196839605086,0.109941844538,0.164811077659,0.0771312738795,0.0135600268817,0.00026106931519,0.212743033482,0.000220079468187,0.0426870684941,0.0901081209352,0.115660362237,0.399686314057,0.118068728531,0.0831556287433,2.31162389501e-05,0.0755093604981,0.170442803678,0.126517812476,0.347642983081,0.374591685807,0.317930371288,0.164515477123,0.0903707165408,0.0755093095459,0.0435120538215,0.247916362837,0.0662382205485,0.213151972802,0.298658233373,0.0459451122314,0.112745107716,0.121258043975,0.402701906523,0.172357968834,0.0786843289363,0.12590515458,0.125905192914,0.161524253394,0.161524357535,0.106581067403,0.106580948835,0.190800726543,0.0836506961819
manhattanDistance,8.76870176975e-05,8.76964634157e-05,0.0217116218538,0.000391785842239,0.000209716957162,0.10536062375,0.0190735863117,0.0146662229281,0.0127490670586,2.38368600426e-05,0.00602079965707,0.602082872883,0.391201494258,0.349901936362,0.233474380217,0.24395760848,1.0,0.390020926104,0.260364950876,0.0350070168214,0.354847696546,0.274015449627,0.366041017425,0.543008421491,1.0,0.717967475038,0.403092027983,0.476465961277,0.403091994428,0.549987003699,0.0493034472543,0.358394164951,0.299086059063,0.305554254933,0.670587691073,0.0361476108388,0.480069859495,0.00012251598278,0.0258747758153,0.0150416404529,0.483419210779,0.0751361597205,0.183955160453,0.292825285148,0.292825285148,0.32831083201,0.104541297203,0.000138669636173,0.357017199128,0.396718052065,0.022993431591,0.26523127972,0.27316229123,0.394258915736,0.376900757346,0.381509469332,0.350579292649,0.670117144748,0.314421818756,0.407523612665,0.154273518451,0.000209713322976,0.0158290921054,0.523205380827,9.36023603794e-05,0.0662514317803,0.318574950588,0.225278279099,0.682038488005,0.389318327529,0.293317488836,3.49267230448e-05,0.277095545522,0.670587691073,0.392111195353,0.562728468781,0.457196313928,0.642297040384,0.414112734785,0.367358003575,0.277095545522,0.0649185140658,0.286168925983,0.1333880462,0.307299874574,0.694288767933,0.0893145062988,0.464906482662,0.397545261246,0.410386766396,0.516554061819,0.237807748314,0.375666330928,0.375666330928,0.478804291183,0.478804291183,0.34891000078,0.34891000078,0.58028312873,0.16281396956
chebyshevDistance,0.0106379540077,8.69578965029e-05,0.0229381508351,0.000271994770732,0.00544810429294,0.0457277486885,0.0140436208849,0.020673583876,0.0178818415728,3.19146919936e-05,0.0082450164629,0.271026510325,0.174387478806,0.211124296308,0.330501733884,0.111467383889,0.390020926104,1.0,0.124844454849,0.0121921360405,0.381838159961,0.111392997005,0.421086703561,0.240165407278,0.438732053843,0.546141925578,0.373833340547,0.426601280588,0.373833329248,0.479474990623,0.0357605482801,0.1818858782,0.18524281042,0.243584646195,0.521694096342,0.037643903996,0.258619667091,0.0109125392957,0.0775904224706,0.0314596068932,0.274596760294,0.0477407485649,0.173365542631,0.386288552831,0.261607885815,0.195633613827,0.0395074908178,0.000143829886531,0.175603578159,0.21410776543,0.0245289997233,0.148259693055,0.111884641113,0.176147728962,0.299140034589,0.173906086092,0.186123023363,0.287010701926,0.356924658909,0.440849414851,0.124428387716,6.89714928711e-05,7.84319056587e-05,0.309086469983,6.39340942437e-05,0.0639734844154,0.27036445903,0.265061818701,0.398344335008,0.433474409986,0.439191648902,5.9559993092e-05,0.305451642866,0.521694096342,0.425124889728,0.242220567098,0.231350488784,0.331515822037,0.186100102868,0.388907884896,0.248315623106,0.0228682134869,0.17751955024,0.117916174133,0.194007219857,0.273962915276,0.116559825083,0.409715216644,0.303821666842,0.186667794398,0.276937913209,0.192142175882,0.297226941183,0.297227000516,0.279672140254,0.279672064889,0.278575664188,0.27857575381,0.338356101753,0.115319554951
tanimotoDistance,9.42450941494e-05,0.000101834883245,0.0547132575894,0.203372730353,0.000136281396879,0.00825844754666,0.0424648824431,0.131118677749,0.0171672634869,0.00147059842463,0.0690056277324,0.19369369188,0.33537678659,0.193198431419,0.110706689084,0.602644027039,0.260364950876,0.124844454849,1.0,0.0239512412052,0.0936257591024,0.207238901709,0.132198176863,0.297379110707,0.272543122057,0.213815752846,0.194197325325,0.173878379332,0.2145206259,0.173878386325,0.0734616666501,0.22537030064,0.276778193343,0.134506544261,0.190989300075,0.0354264365859,0.152992393041,0.0136414492032,0.0467509522151,0.00936168524644,0.222939584343,0.0455428305637,0.0538267094959,0.0896894464561,0.0896461186645,0.220956849979,0.0870235819309,0.000201754479756,0.186763570487,0.213593107315,0.0286950424617,0.348471454499,0.575472065008,0.337593201741,0.345882171935,0.580372309947,0.183857004258,0.215737467812,0.117265170638,0.183653929158,0.0860722920127,0.0146551235987,0.000248731488723,0.237249395087,0.000253928313478,0.0473814861922,0.100475091499,0.126910031182,0.444234747249,0.132097867475,0.0927182233649,3.56518613582e-05,0.0846229852047,0.190989300075,0.141535132415,0.230991625228,0.252451489798,0.250699488423,0.183827232915,0.100817413556,0.0846229852117,0.0477733390653,0.275106203278,0.0449317996727,0.183877574204,0.241358309933,0.0495219742024,0.12653101932,0.136063877621,0.4456250956,0.192154770665,0.0879664984748,0.141009142004,0.141009129703,0.1806619253,0.1806619253,0.119558505362,0.119558505362,0.212889622396,0.0909915982738
sum,8.11612523862e-05,8.11697705608e-05,0.111757568794,0.14888566998,0.0590140828127,0.000188974910846,0.0107581899439,0.00825325833905,0.131605719588,2.59805540046e-05,0.0131832452327,0.0388534676826,0.0211313773624,0.0423113874311,0.000274927551091,0.0223796988588,0.0350070168214,0.0121921360405,0.0239512412052,1.0,0.000221382476407,0.0134626444047,0.0360065543177,0.0171180429261,0.0350243575047,0.0349957336862,0.00028920261593,0.000242689165813,0.000265922612608,0.000242689165813,0.0081889455426,0.0109371729141,0.0303410225226,0.000272549150311,0.0176788385705,0.0913395316487,0.0215694005498,0.0174670325683,0.192640653992,0.000250781944487,0.0171046807484,0.239201137709,0.000248919197062,0.0195079487651,0.0195079487651,0.0254987863852,0.107950214199,0.000139166418655,0.0152006071467,0.0189055387815,0.190270247911,0.0253685699299,0.0332198868662,0.0215124221509,0.0260265385879,0.0278951674226,0.0176370769838,0.0339815132867,0.019639826952,0.0195589066774,0.208904142513,0.0187852681896,0.0177543253609,0.080292105546,0.000251244614947,0.0105569841063,0.019546436646,0.000295431131239,0.0466787033196,0.0188792232057,0.0182123857633,3.10286138906e-07,0.0181811187286,0.0176788385705,0.0196100549345,0.0147997786297,0.0176199461576,0.0171018572179,0.0176361098523,0.0195492861927,0.0181811187286,0.0498332866026,0.0300023755473,0.000174615315446,0.0522534182132,0.0313164639128,0.0244362174006,0.0150547384069,0.016138178297,0.0390699140889,0.0330507379177,0.0118077672478,0.0139415913118,0.0139415913118,0.0325806577807,0.0325806577807,0.0147528417548,0.0147528417548,0.0324214931855,0.031064689763
dec,6.73872941042e-05,6.73945738605e-05,0.0166702568706,0.000236881737388,0.00598658166358,0.0454902747861,0.000131714042049,0.0112121484045,0.00975847505027,1.83934206473e-05,0.0137620251683,0.227792398833,0.13434069667,0.154547738794,0.869588785753,0.0834605440707,0.354847696546,0.381838159961,0.0936257591024,0.000221382476407,1.0,0.0818521438004,0.32935736446,0.190742650658,0.354847709101,0.39283827617,0.355315471292,0.434702909398,0.355315463206,0.514249456755,0.0347343385194,0.164430234193,0.11465724537,0.25151816491,0.492920520073,0.0203988602824,0.195016643026,0.012124634469,0.0102692416646,0.0229103454808,0.226131002824,0.0332126442905,0.215043412326,0.22121271727,0.22121271727,0.138017037843,0.0202479865027,0.000102479635214,0.172650669917,0.195781532584,0.000264267160104,0.111608021352,0.0790655879887,0.135880078813,0.285758732571,0.137893820225,0.146314957787,0.167476676258,0.316901818697,0.401727958756,0.0932582122379,0.000101920348099,8.65362406967e-05,0.320601618867,0.000109200086565,0.0383456310195,0.227458361862,0.194525419097,0.303851334116,0.374856190654,0.296141372411,6.52144228835e-05,0.20925045581,0.492920520073,0.323018701373,0.186962198223,0.192981063582,0.227469868841,0.146283458088,0.415015717138,0.20925045581,0.0159510556885,0.160598726195,0.123607267022,0.151096230004,0.241187672863,0.0923451278174,0.295206164706,0.240439935723,0.148591707434,0.194631354651,0.144126652068,0.234886412337,0.234886412337,0.196528165567,0.19652826149,0.318143496604,0.289694099733,0.258323345723,0.0855573910243
errorRate,0.000138736258651,0.000138750758478,0.0205524254356,0.0372514253568,0.00597284632842,0.0240490984561,0.0145509612211,0.0657354418675,0.0273222424838,1.84172280591e-05,0.00929551625692,0.239163378108,0.280103745146,0.221442301445,0.0818682539298,0.186599067455,0.274015449627,0.111392997005,0.207238901709,0.0134626444047,0.0818521438004,1.0,0.185439905922,0.262809880189,0.253356683895,0.198880107688,0.151055997333,0.15102476839,0.151035044221,0.151035393195,0.150842469891,0.303463215389,0.266065175911,0.147030194781,0.16639281078,0.00782441122234,0.157148236027,0.000133465888564,0.0320942788448,0.00577756798994,0.262490528101,0.0417998871071,0.056923996308,0.137548704347,0.137548704347,0.293124538495,0.105692953442,0.000153042298017,0.235299170069,0.273413182049,0.0336216431865,0.262220514193,0.252159915851,0.28138595331,0.316788993847,0.440600791142,0.255748316856,0.304222381674,0.165006288978,0.140501040374,0.121601912888,0.00021757087193,0.000165797083367,0.278426991855,4.7048194692e-05,0.105112170711,0.152824376925,0.0752132255888,0.317853150808,0.209701373452,0.141382813314,2.00803631072e-05,0.129098994015,0.16639281078,0.196769381454,0.234813435946,0.244025812797,0.256251249296,0.233857714863,0.202999169322,0.129098994015,0.039420458084,0.307366867067,0.0457806183024,0.207944692999,0.224898146851,0.0526081344955,0.101110953726,0.108748141808,0.451270330215,0.245000720735,0.169798420132,0.169229759774,0.169229759774,0.239300484916,0.227390017417,0.148462133639,0.148461280019,0.262714359505,0.0751516289981
scale,5.72531614787e-05,5.72598934799e-05,0.0229699905171,0.0492427597435,0.0241505727309,0.144197079683,0.127535852269,0.104754504862,0.118345380102,2.92884118911e-05,0.0128063818957,0.473059763268,0.248625801362,0.319219383235,0.37485622324,0.118179126398,0.366041017425,0.421086703561,0.132198176863,0.0360065543177,0.32935736446,0.185439905922,1.0,0.268419318446,0.416385588951,0.541176490768,0.479257031061,0.424095745396,0.534528825612,0.424095745396,0.0383091940803,0.213255590416,0.211133217564,0.444902741234,0.691945349331,0.0109770670754,0.243588711513,0.0167970408943,0.0253852930571,0.0158460067178,0.221900895645,0.0251688016024,0.108670532259,0.331592442801,0.331592442801,0.246855655113,0.0315068829142,0.000125091018094,0.220737081737,0.257158362286,0.0878104900414,0.202966829093,0.225092275261,0.254096139243,0.444797625343,0.236537372508,0.224520214366,0.406535228272,0.468229311364,0.607003421901,0.203547735725,0.000158086680348,0.0463966267671,0.441530485916,0.00581622036023,0.075464306851,0.342301769323,0.249708561768,0.414625044087,0.681779322579,0.437672950047,5.55914378217e-05,0.314479859902,0.691945349331,0.676555821066,0.262375224181,0.269072153638,0.271752747299,0.224540341828,0.476404386571,0.314479859902,0.064386385331,0.21755862135,0.195013852179,0.284294069533,0.250383430765,0.065257194807,0.303485053942,0.326287936303,0.254569702601,0.356774147115,0.387652074749,0.494344828907,0.494344828907,0.361669508229,0.361669508229,0.36687202353,0.36687202353,0.352755019263,0.11930666044
eucleadianDistance,7.0207677394e-05,7.02151089091e-05,0.0562630955042,0.0458877948386,0.0193032042697,0.0154971393657,0.0185278130518,0.0352104554208,0.0821831507797,3.4155580804e-05,0.000163424090494,0.354787630779,0.335072752723,0.325892020827,0.156794573271,0.354394843403,0.543008421491,0.240165407278,0.297379110707,0.0171180429261,0.190742650658,0.262809880189,0.268419318446,1.0,0.543008421491,0.450253977064,0.286615635873,0.307021230677,0.286651179814,0.327503363184,0.0752965884181,0.446027748264,0.381757382689,0.222977702757,0.360477767709,0.0392633975617,0.312253510802,0.000160331940684,0.0244613320714,0.125924396372,0.50187211653,0.131033911677,0.109540799384,0.153801848451,0.153801848451,0.368500104759,0.0825047640566,8.68548697022e-05,0.271712633383,0.312769547891,0.0856034831881,0.304287644339,0.30688924684,0.334917785336,0.358178347188,0.415791337889,0.343342405017,0.407220808172,0.172273031308,0.225500043679,0.135898893159,0.000246224644236,0.000189299424328,0.403379573834,7.01762111423e-05,0.063578414472,0.17378013544,0.214546167622,0.534241012001,0.220564566981,0.160532629762,1.71344992297e-05,0.144838486359,0.360477767709,0.235316753224,0.683322342619,0.533040495267,0.807404108948,0.332838644353,0.174518322223,0.144838486359,0.0514222658484,0.361058466037,0.127328657123,0.358451711031,0.660296325189,0.0853179068789,0.249050158011,0.22734282521,0.390295672878,0.364080967491,0.148446475659,0.234105837468,0.234105837468,0.326276505935,0.326276505935,0.200522119192,0.200522119192,0.398018925568,0.155307024734
distance1,8.76870176975e-05,8.76964634157e-05,0.0217116218538,0.000391785842239,0.000209716957162,0.10536062375,0.0190735863117,0.0146662229281,0.0127490670586,2.38368600426e-05,0.00602079965707,0.602082872883,0.391201494258,0.349901936362,0.233474380217,0.24395760848,1.0,0.438732053843,0.272543122057,0.0350243575047,0.354847709101,0.253356683895,0.416385588951,0.543008421491,1.0,0.717967475038,0.403092027983,0.476465961277,0.403091994428,0.549987003699,0.0493034472543,0.358394164951,0.299086059063,0.305554254933,0.670587691073,0.0361476108388,0.480069859495,0.00012251598278,0.0258747758153,0.0150416404529,0.483419210779,0.0751361597205,0.183955160453,0.292825285148,0.292825285148,0.32831083201,0.104541297203,0.000138669636173,0.357017199128,0.396718052065,0.022993431591,0.26523127972,0.27316229123,0.394258915736,0.376900757346,0.381509469332,0.350579292649,0.670117144748,0.314421818756,0.407523612665,0.154273518451,0.000209713322976,0.0158290921054,0.523205380827,9.36023603794e-05,0.0662514317803,0.318574950588,0.225278279099,0.682038488005,0.389318327529,0.293317488836,3.49267230448e-05,0.277095545522,0.670587691073,0.392111195353,0.562728468781,0.457196313928,0.642297040384,0.414112734785,0.367358003575,0.277095545522,0.0649185140658,0.286168925983,0.1333880462,0.307299874574,0.694288767933,0.0893145062988,0.464906482662,0.397545261246,0.410386766396,0.516554061819,0.237807748314,0.375666330928,0.375666330928,0.478804291183,0.478804291183,0.34891000078,0.34891000078,0.58028312873,0.16281396956
