sum,147.737320128,223.99,227.28,193.7025,255.345,304.14,167.8,211.1,145.695,180.69,112.9225,236.39,184.596,136.69,125.69,281.454534651,249.896,306.786,169.34,145.1,134.8,125.69,143.7,123.1,277.1,158.69,123.8,116.713,189.1,144.4,125.69,147.69,302.39,158.69,237.685,144.89,158.69,246.2,234.5,124.15,143.7,123.8,200.8,341.963,200.8,200.45,233.1,134.59,179.99,123.8,181.0225,262.0685,123.8,200.1,177.05,169.69,203.88,200.8,148.5125,171.33325,157.99,158.69
find_euc_dist,223.99,451.211518365,406.23,357.383359,463.85,568.17528,304.69,390.2291,269.3191,342.431747527,202.24,435.96637,330.353,254.6433623,232.502189,489.52,450.43,550.08,328.25305182,268.8291,250.0191,232.502189,262.1,227.4291,518.907259,301.665247527,226.7291,212.502189,347.4291,261.89,232.502189,277.95035361,562.890247527,293.438439,439.133359,263.5,294.443359,459.0484,430.2291,232.20037,262.1,226.7291,371.71037,627.76557,371.60537,372.20037,422.695,242.8,346.698764127,228.6191,326.44,472.18,229.3191,372.7188145,329.863,317.4433623,384.389520827,371.71037,278.30035361,314.837508,299.606428527,301.665247527
find_max2,227.28,406.23,471.619008271,354.9436,467.47075,549.31,301.4,383.99,266.4575,325.18,202.9225,425.88,323.85,245.18,225.18,488.33,442.45,550.43,307.73325,263.99,243.99,225.18,266.09,223.99,505.39,285.88,228.19,210.003,343.99,261.4,225.18,265.88,547.28,284.48,435.29863125,266.7515,284.48,453.11037,426.09,227.24325,264.2,230.57,366.79,614.133,370.213,367.24325,440.5891,248.7465,325.18,223.99,325.2675,470.661525,223.99,364.69,322.45,305.18,365.18,365.39,268.3475,306.08825,284.69,285.88
weighted_average,193.7025,357.383359,354.9436,332.306177739,400.7823425,485.2955623,260.04,328.313,229.4791,289.383359,175.3025,382.771449837,285.92727,218.21637,199.68337,419.3925,382.54,472.354775,272.9272513,228.4291,212.6191,199.68337,222.05,193.7291,435.31037,254.683359,194.7791,185.09704,295.7291,222.05,199.68337,237.683359,476.383359,251.38337,397.38716169,225.179,251.38337,389.5484,366.5291,199.187259,222.05,194.7791,316.31037,542.581059,317.4238145,318.187259,361.2,209.579,288.683359,195.6191,284.5685,405.4655,195.6191,315.61037,276.2,269.91637,323.383359,316.31037,243.33157591,268.9971125,252.392189,254.683359
quantile,255.345,463.85,467.47075,400.7823425,584.079172714,625.9,348.64,439.8,303.34,370.45,235.18,487.2,373.6,278.1,254.4,559.595,513.84,630.835,348.85,301.7125,277.05,254.4,302.29,254.05,577.24,324.1,253.7,232.345,392.75,301.45,254.4,301.1,624.85,323.75,497.0595,305.283375,324.1,508.45,485.94,255.45,302.29,253.7,416.24,698.295,417.29,418.34,488.8625,279.560375,370.45,254.4,376.47,540.27,254.05,416.7125,374.923,348.5,416.45,416.24,304.88,349.83,323.4,324.1
entropy,304.14,568.17528,549.31,485.2955623,625.9,837.591450563,411.727875,530.4482,366.5582,453.88557,274.69,595.6661473,445.8691,345.18557,320.65867,664.17,603.03,744.575,433.17528,366.5582,341.73947,318.18557,351.0,316.966359,690.5582,400.173445,311.8582,291.18557,474.5582,357.573,318.65807,374.65867,752.28557,399.88557,595.9367323,352.75,410.549001977,619.844,587.2482,311.8582,351.0,311.8582,506.2482,859.462959,501.5582,501.5582,571.69,328.55,462.87462,311.1582,443.158,630.24,311.8582,501.5582,435.64,426.65807,513.753915,506.2482,374.82674,431.29284,395.98937,400.173445
meanDeviation,167.8,304.69,301.4,260.04,348.64,411.727875,261.317503954,285.7,197.59,246.58,162.1037623,321.09,247.7455,183.29,167.59,379.805289,342.38727,414.52,227.59,197.94,181.4,167.59,199.823,166.4,382.07,217.7861,166.4,152.59,255.7,199.123,168.78,198.29,412.77,215.53,320.39,199.48,215.18,332.1,323.47,165.7,200.523,165.7,274.48,461.83,272.59,272.59,318.29,182.8,245.18,166.4,255.61637,352.623,167.1,272.94,247.763,230.88,280.3761,275.88,198.64,228.99,215.18,217.7861
insertion_sort,211.1,390.2291,383.99,328.313,439.8,530.4482,285.7,428.788168718,256.9022,309.313,190.7,404.313,306.1,235.4291,216.4291,458.1,420.1,514.4,293.8291,256.9022,239.84337,216.4291,248.4,220.0922,484.2022,273.4291,216.4291,197.4291,332.9022,250.29,216.4291,254.4291,521.1291,271.313,404.313,248.4,273.903,432.826,412.1922,220.14337,248.4,216.4291,354.4922,581.326,351.9022,351.9022,405.58,230.8,312.8291,217.67027,304.7,439.8,220.14337,351.9022,305.4,292.4291,349.4291,354.4922,254.4291,292.4291,273.4291,273.4291
scale,145.695,269.3191,266.4575,229.4791,303.34,366.5582,197.59,256.9022,199.553914187,215.4291,132.1,280.4291,212.2,165.5452,151.8452,315.395,290.69,357.223,205.1521,188.62410492,168.2584,151.8452,170.05,161.0676356,337.7484,191.5452,154.30444,139.935835,236.144108,173.823,151.8452,178.5452,361.5952,188.7291,282.5291,171.24,190.1291,300.7252,295.42410492,158.144108,170.05,154.30444,256.21410492,404.548835,250.631377,253.143348,277.795,159.64,216.1291,152.5452,211.29,303.69,154.5584,248.85764,210.59,205.2452,241.4291,256.21410492,179.2452,203.91037,191.5452,191.5452
meanDifference,180.69,342.431747527,325.18,289.383359,370.45,453.88557,246.58,309.313,215.4291,294.716328564,162.94,351.96637,265.653,206.6433623,188.502189,395.02325,362.04325,443.3925,255.0515323,215.7791,200.6191,188.502189,208.7,182.7291,413.727259,243.775247527,182.7291,172.502189,278.7291,208.7,188.502189,225.25035361,453.545834177,248.564821461,354.433359,210.1,246.617169827,366.8484,345.5291,185.61037,208.7,182.7291,298.31037,521.5982259,297.61037,297.61037,336.7,194.8,275.775247527,184.6191,263.14,376.50325,184.6191,298.7238145,262.074775,256.0433623,311.198247527,298.31037,225.60035361,253.505639,241.716428527,243.775247527
product,112.9225,202.24,202.9225,175.3025,235.18,274.69,162.1037623,190.7,132.1,162.94,123.834001161,213.99,165.173,122.24,112.24,254.62237,226.2461,274.8125,152.94,131.4,120.7,112.24,136.006,111.4,251.4,142.24,111.995,102.7125,170.7,134.718,112.24,132.24,274.13,142.94,217.42,133.974775,142.94,221.4,215.88,111.4,136.951,111.05,183.29,307.9625,181.75,182.1,213.99,121.5225,162.24,110.7,173.56677,237.763,110.7,181.4,165.418,152.24,182.94,184.69,134.13,154.48,141.89,142.24
errorRate,236.39,435.96637,425.88,382.771449837,487.2,595.6661473,321.09,404.313,280.4291,351.96637,213.99,519.573551647,350.38227,266.56637,248.56454,515.025,470.785,579.075,328.73337,280.4291,260.6191,244.03337,275.1,237.7291,533.8291,309.26637,237.7291,223.03337,363.7291,274.4,244.03337,292.79754,585.06637,307.73337,468.934894337,275.1,307.73337,474.922,454.0753,239.1291,273.7,237.7291,388.6022,661.137974,386.1291,386.1291,441.7,255.5,351.26637,239.6191,347.858,492.135,239.6191,386.1291,340.445,330.26637,393.96637,388.6022,289.586955,326.79682,306.79327,309.26637
evaluateWeightedProduct,184.596,330.353,323.85,285.92727,373.6,445.8691,247.7455,306.1,212.2,265.653,165.173,350.38227,300.664429037,201.163,182.23,397.076,369.0891,447.196685,246.72,212.2,197.39,182.23,208.7,178.1,406.09,234.8255,178.1,166.23,274.8,209.05,183.73325,218.353,446.238,229.53,352.16727,211.15,229.53,359.28,347.06,179.99,208.7,178.1,295.28,495.876,293.39,293.39,336.7,198.93,265.653,181.39,269.2811,378.4461,181.39,293.39,264.47,253.2986,298.1255,295.28,219.893,245.53,233.653,234.8255
count_k,136.69,254.6433623,245.18,218.21637,278.1,345.18557,183.29,235.4291,165.5452,206.6433623,122.24,266.56637,201.163,188.271554326,147.144108,294.23,269.74,329.74,192.502189,165.5452,154.7352,173.772469238,156.0,140.8452,309.5452,185.3676356,140.8452,135.144108,212.8452,156.7,147.144108,173.3676356,342.0676356,180.502189,266.56637,157.4,180.502189,275.522,263.6452,141.5452,156.0,140.8452,226.2452,382.58557,225.5452,225.5452,252.7,146.8,206.6433623,155.291870119,197.04,279.5,142.7352,225.5452,194.45,198.0676356,230.6433623,226.2452,173.7176356,191.615639,183.3544356,185.3676356
count_non_zeroes,125.69,232.502189,225.18,199.68337,254.4,320.65867,167.59,216.4291,151.8452,188.502189,112.24,248.56454,182.23,147.144108,162.772469238,270.23,245.64,302.04,177.502189,151.8452,141.5452,136.144108,143.0,129.8452,283.8452,169.144108,129.8452,125.144108,195.8452,143.7,136.144108,168.232256,312.844108,166.502189,244.03337,143.7,166.502189,253.522,241.2452,130.5452,143.0,129.8452,207.5452,352.58557,206.8452,206.8452,231.7,133.4,188.502189,130.5452,180.34,256.5,130.5452,206.8452,177.05,180.144108,210.502189,207.5452,158.494108,176.615639,167.130908,169.144108
sampleVariance,281.454534651,489.52,488.33,419.3925,559.595,664.17,379.805289,458.1,315.395,395.02325,254.62237,515.025,397.076,294.23,270.23,653.809264996,552.395189,676.7301,367.28,316.2,290.1,270.23,317.523,266.8,604.2,342.93,267.5,248.253,410.1,317.173,270.23,318.23,657.75625,346.1889375,516.915,317.53,345.52,532.9,512.68,266.45,318.223,266.8,437.39,749.1291,435.5,435.15,508.2,292.34,391.63,266.1,406.28443,572.2545,266.1,436.2,396.346089,367.98,442.92,438.79,320.5925,369.48325,341.18,342.93
autoCorrelation,249.896,450.43,442.45,382.54,513.84,603.03,342.38727,420.1,290.69,362.04325,226.2461,470.785,369.0891,269.74,245.64,552.395189,545.684888406,624.4804185,333.64,291.985,267.5,245.64,289.29,244.1,557.49,315.14,243.4,223.64,375.4,287.75,245.64,291.74,602.07625,315.0039375,472.08,292.93,313.74,486.8,471.513,243.4,289.29,243.4,401.39,681.41727,400.69,400.69,463.4,270.93,359.14,245.5,365.0711,529.51552,245.5,401.74,367.8991,341.41,405.24,401.39,293.28,335.04,314.09,315.14
covariance,306.786,550.08,550.43,472.354775,630.835,744.575,414.52,514.4,357.223,443.3925,274.8125,579.075,447.196685,329.74,302.04,676.7301,624.4804185,811.215748174,413.0465,357.223,326.8,302.04,352.4,301.69,681.58,385.63,299.8,276.23,461.8,356.74,302.04,358.63,738.26625,386.56625,584.117275,356.53,387.03,602.603,575.323,301.4065,352.4,299.8,495.513,832.288,494.113,492.9965,571.2,330.44,439.63,299.1,447.84625,642.503825,299.1,492.58,442.458,412.84,496.92,495.513,362.149775,411.9125,383.18,385.63
find_magnitude,169.34,328.25305182,307.73325,272.9272513,348.85,433.17528,227.59,293.8291,205.1521,255.0515323,152.94,328.73337,246.72,192.502189,177.502189,367.28,333.64,413.0465,260.914050239,202.4291,188.8291,177.502189,195.35,172.4291,386.01037,225.0515323,172.0791,162.852189,262.4291,196.89,177.502189,210.0515323,421.1015323,222.502189,335.5172513,196.05,224.443359,347.6484,323.8291,181.37725691,195.35,172.0791,280.31037,472.93557,281.981313978,285.67725691,318.395,181.75,259.9203403,172.4291,246.23,353.813,173.1291,279.61037,241.75,238.202189,287.6934513,280.31037,212.88607261,240.537508,223.1103623,225.0515323
array_calc1,145.1,268.8291,263.99,228.4291,301.7125,366.5582,197.94,256.9022,188.62410492,215.7791,131.4,280.4291,212.2,165.5452,151.8452,316.2,291.985,357.223,202.4291,199.553914187,168.2584,151.8452,170.05,161.0676356,338.4484,191.8952,153.95444,138.8452,236.144108,173.823,151.8452,178.5452,361.5952,190.91037,280.4291,171.24,190.1291,300.7252,295.42410492,153.8584,170.05,153.95444,256.21410492,405.598835,248.85764,248.85764,276.5,159.29,216.4791,152.5452,210.59,302.045,154.5584,253.143348,211.29,207.06755725,241.7791,256.21410492,178.5452,201.7291,191.8952,191.8952
power,134.8,250.0191,243.99,212.6191,277.05,341.73947,181.4,239.84337,168.2584,200.6191,120.7,260.6191,197.39,154.7352,141.5452,290.1,267.5,326.8,188.8291,168.2584,172.106135828,141.5452,156.0,145.90774,312.2584,178.7352,141.5452,129.5452,217.66764,158.1,141.5452,166.7352,335.4352,175.4291,260.6191,156.7,178.31037,280.2582,267.0584,144.96764,156.0,141.5452,230.3584,374.1582,228.2584,228.2584,254.8,146.8,202.5091,145.130908,193.4,277.4,147.144108,228.2584,193.4,192.1352,224.6191,230.3584,166.7352,187.4291,178.7352,178.7352
cnt_zeroes,125.69,232.502189,225.18,199.68337,254.4,318.18557,167.59,216.4291,151.8452,188.502189,112.24,244.03337,182.23,173.772469238,136.144108,270.23,245.64,302.04,177.502189,151.8452,141.5452,162.772469238,143.0,129.8452,283.8452,169.144108,129.8452,125.144108,195.8452,143.7,136.144108,158.144108,312.844108,166.502189,244.03337,143.7,166.502189,253.522,241.2452,130.5452,143.0,129.8452,207.5452,352.58557,206.8452,206.8452,231.7,133.4,188.502189,143.101870119,180.34,256.5,130.5452,206.8452,177.05,180.144108,210.502189,207.5452,158.494108,176.615639,167.130908,169.144108
max,143.7,262.1,266.09,222.05,302.29,351.0,199.823,248.4,170.05,208.7,136.006,275.1,208.7,156.0,143.0,317.523,289.29,352.4,195.35,170.05,156.0,143.0,209.367309301,143.7,327.1,182.7,144.4,130.7,221.0,174.18,143.0,169.0,352.4,182.35,274.05,178.72727,182.0,286.7,276.5,143.35,187.31090492,145.59,236.8,393.29,235.4,235.05,283.493,157.05,208.7,143.0,212.473,302.99,143.0,235.05,218.91727,195.7,234.7,236.8,169.35,195.35,182.7,182.7
array_copy,123.1,227.4291,223.99,193.7291,254.05,316.966359,166.4,220.0922,161.0676356,182.7291,111.4,237.7291,178.1,140.8452,129.8452,266.8,244.1,301.69,172.4291,161.0676356,145.90774,129.8452,143.7,148.419069303,286.5584,162.8452,132.65444,118.8452,202.844108,149.713,129.8452,151.8452,306.5452,160.7291,237.7291,143.7,165.837259,257.4252,253.2768756,131.8584,143.7,132.65444,221.4668756,343.4582,212.36764,212.36764,235.69,134.59,183.4291,129.8452,177.4,255.1,131.8584,212.36764,176.7,173.8452,204.7291,221.4668756,151.8452,171.7291,162.8452,162.8452
chebyshevDistance,277.1,518.907259,505.39,435.31037,577.24,690.5582,382.07,484.2022,337.7484,413.727259,251.4,533.8291,406.09,309.5452,283.8452,604.2,557.49,681.58,386.01037,338.4484,312.2584,283.8452,327.1,286.5584,696.706362979,369.6351813,285.8584,258.8452,436.5584,326.4,283.8452,337.42647,695.3351813,357.4291,536.71037,328.64,357.4291,574.481618,540.5484,288.90774,328.99,283.8452,466.49774,766.2582,469.10384,469.10384,528.5,302.1,419.9921813,284.5452,403.99,582.7,290.68084,470.871109,407.77,386.6452,467.5190813,466.49774,337.42647,383.1291,369.6351813,369.6351813
distance1,158.69,301.665247527,285.88,254.683359,324.1,400.173445,217.7861,273.4291,191.5452,243.775247527,142.24,309.26637,234.8255,185.3676356,169.144108,342.93,315.14,385.63,225.0515323,191.8952,178.7352,169.144108,182.7,162.8452,369.6351813,228.695087487,162.8452,155.144108,246.8452,182.7,171.253348,201.97462691,404.366946569,208.852189,311.733359,184.1,208.502189,323.5484,305.6452,165.72647,182.7,162.8452,264.42647,443.98557,263.72647,263.72647,294.7,170.8,246.242673269,164.7352,229.74,328.3,164.7352,264.8399145,229.04,230.8768756,281.476491745,264.42647,202.32462691,221.965639,219.285673269,228.695087487
find_min,123.8,226.7291,228.19,194.7791,253.7,311.8582,166.4,216.4291,154.30444,182.7291,111.995,237.7291,178.1,140.8452,129.8452,267.5,243.4,299.8,172.0791,153.95444,141.5452,129.8452,144.4,132.65444,285.8584,162.8452,156.6771818,119.5452,197.95444,145.1,129.8452,151.8452,306.5452,160.7291,238.7791,144.05,161.4291,256.94444,248.6626023,130.1952,146.29,136.144108,211.54444,344.1582,209.65444,209.30444,233.8,136.123,182.7291,129.8452,177.75,255.1,139.820481152,208.95444,176.7,173.8452,204.7291,214.62444,152.1952,172.0791,162.8452,162.8452
add_values,116.713,212.502189,210.003,185.09704,232.345,291.18557,152.59,197.4291,139.935835,172.502189,102.7125,223.03337,166.23,135.144108,125.144108,248.253,223.64,276.23,162.852189,138.8452,129.5452,125.144108,130.7,118.8452,258.8452,155.144108,119.5452,123.669292561,178.8452,130.7,125.144108,145.144108,285.844108,152.502189,224.32837,131.89,152.502189,231.522,220.2452,119.8952,130.7,119.5452,189.5452,330.281579535,189.5452,189.1952,212.1,122.59,172.502189,119.5452,164.8125,234.3225,119.5452,188.8452,161.05,165.144108,192.502189,189.5452,145.966608,164.012497394,153.130908,155.144108
calculateAbsoluteDifferences,189.1,347.4291,343.99,295.7291,392.75,474.5582,255.7,332.9022,236.144108,278.7291,170.7,363.7291,274.8,212.8452,195.8452,410.1,375.4,461.8,262.4291,236.144108,217.66764,195.8452,221.0,202.844108,436.5584,246.8452,197.95444,178.8452,329.920460202,224.29,198.02647,229.8452,469.9452,244.7291,363.7291,221.0,246.1291,388.7252,374.244108,197.8584,221.0,197.95444,323.734108,523.4582,318.96764,318.96764,359.8,205.89,280.6191,197.2452,272.7,392.4,197.8584,318.96764,272.0,263.8452,312.7291,323.734108,229.8452,261.7291,246.8452,246.8452
reverse,144.4,261.89,261.4,222.05,301.45,357.573,199.123,250.29,173.823,208.7,134.718,274.4,209.05,156.7,143.7,317.173,287.75,356.74,196.89,173.823,158.1,143.7,174.18,149.713,326.4,182.7,145.1,130.7,224.29,201.583916497,143.7,169.7,351.7,182.7,274.4,176.546,186.123,290.2,280.413,143.7,174.88,144.4,242.113,391.75,236.8,236.8,283.3761,158.1,209.89,143.0,213.173,301.1,143.7,236.8,218.262,195.7,235.4,244.836,170.05,196.05,182.0,182.7
sumOfLogarithms,125.69,232.502189,225.18,199.68337,254.4,318.65807,168.78,216.4291,151.8452,188.502189,112.24,244.03337,183.73325,147.144108,136.144108,270.23,245.64,302.04,177.502189,151.8452,141.5452,136.144108,143.0,129.8452,283.8452,171.253348,129.8452,125.144108,198.02647,143.7,146.879066993,158.144108,315.434108,166.502189,244.03337,143.7,166.502189,253.522,241.2452,130.5452,143.0,129.8452,207.5452,352.58557,206.8452,206.8452,231.7,133.4,188.502189,130.5452,180.34,256.5,130.5452,206.8452,177.05,182.253348,212.443359,207.5452,158.494108,176.615639,167.830908,171.253348
hamming_dist,147.69,277.95035361,265.88,237.683359,301.1,374.65867,198.29,254.4291,178.5452,225.25035361,132.24,292.79754,218.353,173.3676356,168.232256,318.23,291.74,358.63,210.0515323,178.5452,166.7352,158.144108,169.0,151.8452,337.42647,201.97462691,151.8452,145.144108,229.8452,169.7,158.144108,213.980361135,371.67462691,194.502189,290.733359,170.4,194.502189,301.5484,284.6452,154.72647,169.0,151.8452,246.42647,412.58557,245.72647,245.72647,273.7,158.8,225.25035361,153.7352,213.74,303.9,153.7352,245.72647,211.15,213.0676356,251.25035361,246.42647,189.32462691,206.615639,199.79335691,201.97462691
computeCanberraDistance,302.39,562.890247527,547.28,476.383359,624.85,752.28557,412.77,521.1291,361.5952,453.545834177,274.13,585.06637,446.238,342.0676356,312.844108,657.75625,602.07625,738.26625,421.1015323,361.5952,335.4352,312.844108,352.4,306.5452,695.3351813,404.366946569,306.5452,285.844108,469.9452,351.7,315.434108,371.67462691,820.439782267,393.493359,585.433359,353.1,391.202189,610.2484,583.1252,309.77647,352.4,306.5452,501.01647,835.62182,500.52647,500.17647,569.1,327.5,454.942673269,308.4352,439.63,628.58625,308.4352,500.9399145,437.27625,425.1676356,509.642673269,501.01647,372.02462691,417.665639,401.985673269,404.366946569
harmonicMean,158.69,293.438439,284.48,251.38337,323.75,399.88557,215.53,271.313,188.7291,248.564821461,142.94,307.73337,229.53,180.502189,166.502189,346.1889375,315.0039375,386.56625,222.502189,190.91037,175.4291,166.502189,182.35,160.7291,357.4291,208.852189,160.7291,152.502189,244.7291,182.7,166.502189,194.502189,393.493359,230.04148137,307.73337,183.05,218.617169827,318.822,302.1291,161.4291,182.35,160.7291,259.4291,461.2385834,258.7291,258.7291,294.7,169.4,236.852189,161.4291,229.74,328.1639375,161.4291,259.4291,226.0689375,223.77686065,268.275189,259.4291,194.852189,223.505639,207.079089,208.852189
weightedRMS,237.685,439.133359,435.29863125,397.38716169,497.0595,595.9367323,320.39,404.313,282.5291,354.433359,217.42,468.934894337,352.16727,266.56637,244.03337,516.915,472.08,584.117275,335.5172513,280.4291,260.6191,244.03337,274.05,237.7291,536.71037,311.733359,238.7791,224.32837,363.7291,274.4,244.03337,290.733359,585.433359,307.73337,502.790867507,277.77575,307.73337,478.9484,450.5291,245.427259,274.05,238.7791,389.01037,664.103559,390.3688145,392.427259,446.145,258.17575,353.733359,239.6191,353.654,506.6621,239.6191,388.31037,342.44,330.26637,396.433359,389.01037,301.537072137,330.92682,309.092189,311.733359
evaluateHoners,144.89,263.5,266.7515,225.179,305.283375,352.75,199.48,248.4,171.24,210.1,133.974775,275.1,211.15,157.4,143.7,317.53,292.93,356.53,196.05,171.24,156.7,143.7,178.72727,143.7,328.64,184.1,144.05,131.89,221.0,176.546,143.7,170.4,353.1,183.05,277.77575,200.183916497,182.7,287.05,275.59,143.35,179.07727,143.7,235.89,395.53,236.59,236.24,281.603,160.823,210.1,143.7,213.3025,304.8625,144.05,236.24,226.00908361,197.8,236.1,235.89,171.2225,195.8225,183.4,184.1
average,158.69,294.443359,284.48,251.38337,324.1,410.549001977,215.18,273.903,190.1291,246.617169827,142.94,307.73337,229.53,180.502189,166.502189,345.52,313.74,387.03,224.443359,190.1291,178.31037,166.502189,182.0,165.837259,357.4291,208.502189,161.4291,152.502189,246.1291,186.123,166.502189,194.502189,391.202189,218.617169827,307.73337,182.7,230.04148137,321.622,304.7191,162.1291,182.0,161.4291,262.7191,459.3949759,260.1291,260.1291,297.29,170.1,238.443359,161.4291,229.74,326.9,162.1291,260.1291,225.05,222.502189,267.925189,262.7191,194.852189,223.505639,206.729089,208.502189
selection_sort,246.2,459.0484,453.11037,389.5484,508.45,619.844,332.1,432.826,300.7252,366.8484,221.4,474.922,359.28,275.522,253.522,532.9,486.8,602.603,347.6484,300.7252,280.2582,253.522,286.7,257.4252,574.481618,323.5484,256.94444,231.522,388.7252,290.2,253.522,301.5484,610.2484,318.822,478.9484,287.05,321.622,578.328965396,480.7152,261.92074,287.4,252.822,417.18774,682.344,415.08774,415.08774,469.0,265.4,369.6484,253.655,355.5,511.6,265.266348,415.08774,354.1,341.522,411.5484,419.414629,301.5484,341.522,323.5484,323.5484
clip,234.5,430.2291,426.09,366.5291,485.94,587.2482,323.47,412.1922,295.42410492,345.5291,215.88,454.0753,347.06,263.6452,241.2452,512.68,471.513,575.323,323.8291,295.42410492,267.0584,241.2452,276.5,253.2768756,540.5484,305.6452,248.6626023,220.2452,374.244108,280.413,241.2452,284.6452,583.1252,302.1291,450.5291,275.59,304.7191,480.7152,525.5515928,243.2584,276.5,245.94444,420.49122052,646.2582,395.65764,395.65764,450.87,259.28,346.2291,242.6452,343.77,486.5,249.352278,395.65764,341.523,328.5352,387.5291,417.14822492,284.6452,323.1291,305.6452,305.6452
square,124.15,232.20037,227.24325,199.187259,255.45,311.8582,165.7,220.14337,158.144108,185.61037,111.4,239.1291,179.99,141.5452,130.5452,266.45,243.4,301.4065,181.37725691,153.8584,144.96764,130.5452,143.35,131.8584,288.90774,165.72647,130.1952,119.8952,197.8584,143.7,130.5452,154.72647,309.77647,161.4291,245.427259,143.35,162.1291,261.92074,243.2584,146.721064386,143.35,130.1952,211.90774,344.5082,214.820333327,221.285571944,234.395,133.05,186.31037,131.95444,178.59,259.713,133.96764,211.20774,176.7,174.5452,207.61037,211.90774,156.953359,173.1291,165.72647,165.72647
min,143.7,262.1,264.2,222.05,302.29,351.0,200.523,248.4,170.05,208.7,136.951,273.7,208.7,156.0,143.0,318.223,289.29,352.4,195.35,170.05,156.0,143.0,187.31090492,143.7,328.99,182.7,146.29,130.7,221.0,174.88,143.0,169.0,352.4,182.35,274.05,179.07727,182.0,287.4,276.5,143.35,210.767309301,143.7,235.4,393.29,235.4,235.05,278.88,156.7,208.7,143.0,213.173,302.99,143.7,235.05,219.61727,195.7,234.7,238.2,169.35,195.35,182.7,182.7
find_max,123.8,226.7291,230.57,194.7791,253.7,311.8582,165.7,216.4291,154.30444,182.7291,111.05,237.7291,178.1,140.8452,129.8452,266.8,243.4,299.8,172.0791,153.95444,141.5452,129.8452,145.59,132.65444,283.8452,162.8452,136.144108,119.5452,197.95444,144.4,129.8452,151.8452,306.5452,160.7291,238.7791,143.7,161.4291,252.822,245.94444,130.1952,143.7,156.6771818,214.62444,344.1582,209.65444,209.30444,239.603,136.473,182.7291,129.8452,177.05,255.1,129.8452,208.95444,176.0,173.8452,204.7291,211.54444,152.1952,172.0791,162.8452,162.8452
elementwise_max,200.8,371.71037,366.79,316.31037,416.24,506.2482,274.48,354.4922,256.21410492,298.31037,183.29,388.6022,295.28,226.2452,207.5452,437.39,401.39,495.513,280.31037,256.21410492,230.3584,207.5452,236.8,221.4668756,466.49774,264.42647,211.54444,189.5452,323.734108,242.113,207.5452,246.42647,501.01647,259.4291,389.01037,235.89,262.7191,417.18774,420.49122052,211.90774,235.4,214.62444,390.634575224,554.8582,343.914629,343.914629,388.57,221.88,299.01037,208.2452,293.18,418.2,210.2584,343.914629,291.29,280.9452,334.31037,361.745320137,246.42647,277.4291,264.42647,264.42647
variance,341.963,627.76557,614.133,542.581059,698.295,859.462959,461.83,581.326,404.548835,521.5982259,307.9625,661.137974,495.876,382.58557,352.58557,749.1291,681.41727,832.288,472.93557,405.598835,374.1582,352.58557,393.29,343.4582,766.2582,443.98557,344.1582,330.281579535,523.4582,391.75,352.58557,412.58557,835.62182,461.2385834,664.103559,395.53,459.3949759,682.344,646.2582,344.5082,393.29,344.1582,554.8582,1026.77183372,554.1582,553.8082,632.8,364.34,503.98557,344.1582,497.5105,712.758589,344.1582,554.8582,490.2361,475.98491,569.29857,554.8582,415.69924,477.266588959,440.08937,443.98557
ebeAdd,200.8,371.60537,370.213,317.4238145,417.29,501.5582,272.59,351.9022,250.631377,297.61037,181.75,386.1291,293.39,225.5452,206.8452,435.5,400.69,494.113,281.981313978,248.85764,228.2584,206.8452,235.4,212.36764,469.10384,263.72647,209.65444,189.5452,318.96764,236.8,206.8452,245.72647,500.52647,258.7291,390.3688145,236.59,260.1291,415.08774,395.65764,214.820333327,235.4,209.65444,343.914629,554.1582,365.593021479,358.856157793,384.09,219.99,298.31037,207.5452,291.885,419.24825,209.5584,355.083488295,291.29,280.2452,333.61037,343.914629,246.8399145,277.0791,263.72647,263.72647
ebeMultiply,200.45,372.20037,367.24325,318.187259,418.34,501.5582,272.59,351.9022,253.143348,297.61037,182.1,386.1291,293.39,225.5452,206.8452,435.15,400.69,492.9965,285.67725691,248.85764,228.2584,206.8452,235.05,212.36764,469.10384,263.72647,209.30444,189.1952,318.96764,236.8,206.8452,245.72647,500.17647,258.7291,392.427259,236.24,260.1291,415.08774,395.65764,221.285571944,235.05,209.30444,343.914629,553.8082,358.856157793,365.593021479,382.795,219.64,298.31037,207.5452,292.48,421.413,209.5584,355.083488295,291.29,280.2452,333.61037,343.914629,247.953359,277.4291,263.72647,263.72647
bubble,233.1,422.695,440.5891,361.2,488.8625,571.69,318.29,405.58,277.795,336.7,213.99,441.7,336.7,252.7,231.7,508.2,463.4,571.2,318.395,276.5,254.8,231.7,283.493,235.69,528.5,294.7,233.8,212.1,359.8,283.3761,231.7,273.7,569.1,294.7,446.145,281.603,297.29,469.0,450.87,234.395,278.88,239.603,388.57,632.8,384.09,382.795,526.004006097,258.7515,338.1,231.7,338.8,487.55,233.8,381.5,342.503,315.7,378.7,384.09,274.4,316.4,294.7,294.7
polevl,134.59,242.8,248.7465,209.579,279.560375,328.55,182.8,230.8,159.64,194.8,121.5225,255.5,198.93,146.8,133.4,292.34,270.93,330.44,181.75,159.29,146.8,133.4,157.05,134.59,302.1,170.8,136.123,122.59,205.89,158.1,133.4,158.8,327.5,169.4,258.17575,160.823,170.1,265.4,259.28,133.05,156.7,136.473,221.88,364.34,219.99,219.64,258.7515,174.258846045,194.8,134.1,196.3225,279.2725,134.1,219.29,196.34,184.69,218.8,221.88,159.6225,181.5225,170.1,170.8
manhattan_dist,179.99,346.698764127,325.18,288.683359,370.45,462.87462,245.18,312.8291,216.1291,275.775247527,162.24,351.26637,265.653,206.6433623,188.502189,391.63,359.14,439.63,259.9203403,216.4791,202.5091,188.502189,208.7,183.4291,419.9921813,246.242673269,182.7291,172.502189,280.6191,209.89,188.502189,225.25035361,454.942673269,236.852189,353.733359,210.1,238.443359,369.6484,346.2291,186.31037,208.7,182.7291,299.01037,503.98557,298.31037,298.31037,338.1,194.8,293.89575368,184.6191,261.74,374.3,185.3191,299.4238145,261.04,256.0433623,312.966946569,299.01037,225.60035361,254.487508,244.101499969,246.242673269
sequential_search,123.8,228.6191,223.99,195.6191,254.4,311.1582,166.4,217.67027,152.5452,184.6191,110.7,239.6191,181.39,155.291870119,130.5452,266.1,245.5,299.1,172.4291,152.5452,145.130908,143.101870119,143.0,129.8452,284.5452,164.7352,129.8452,119.5452,197.2452,143.0,130.5452,153.7352,308.4352,161.4291,239.6191,143.7,161.4291,253.655,242.6452,131.95444,143.0,129.8452,208.2452,344.1582,207.5452,207.5452,231.7,134.1,184.6191,147.390683838,177.4,254.4,134.130908,207.5452,177.4,176.4352,206.6191,208.2452,153.7352,172.4291,164.7352,164.7352
weightedMean,181.0225,326.44,325.2675,284.5685,376.47,443.158,255.61637,304.7,211.29,263.14,173.56677,347.858,269.2811,197.04,180.34,406.28443,365.0711,447.84625,246.23,210.59,193.4,180.34,212.473,177.4,403.99,229.74,177.75,164.8125,272.7,213.173,180.34,213.74,439.63,229.74,353.654,213.3025,229.74,355.5,343.77,178.59,213.173,177.05,293.18,497.5105,291.885,292.48,338.8,196.3225,261.74,177.4,298.780603954,384.0041,177.4,291.29,267.346685,245.74,295.14,294.58,218.4811,245.88,227.99,229.74
durbinWatson,262.0685,472.18,470.661525,405.4655,540.27,630.24,352.623,439.8,303.69,376.50325,237.763,492.135,378.4461,279.5,256.5,572.2545,529.51552,642.503825,353.813,302.045,277.4,256.5,302.99,255.1,582.7,328.3,255.1,234.3225,392.4,301.1,256.5,303.9,628.58625,328.1639375,506.6621,304.8625,326.9,511.6,486.5,259.713,302.99,255.1,418.2,712.758589,419.24825,421.413,487.55,279.2725,374.3,254.4,384.0041,591.775561047,254.4,418.2,379.753,350.39,421.7,418.2,309.9361,351.44,326.9,328.3
set_min_val,123.8,229.3191,223.99,195.6191,254.05,311.8582,167.1,220.14337,154.5584,184.6191,110.7,239.6191,181.39,142.7352,130.5452,266.1,245.5,299.1,173.1291,154.5584,147.144108,130.5452,143.0,131.8584,290.68084,164.7352,139.820481152,119.5452,197.8584,143.7,130.5452,153.7352,308.4352,161.4291,239.6191,144.05,162.1291,265.266348,249.352278,133.96764,143.7,129.8452,210.2584,344.1582,209.5584,209.5584,233.8,134.1,185.3191,134.130908,177.4,254.4,156.6771818,209.5584,177.4,176.4352,206.6191,210.9584,153.7352,172.4291,164.7352,164.7352
ebeDivide,200.1,372.7188145,364.69,315.61037,416.7125,501.5582,272.94,351.9022,248.85764,298.7238145,181.4,386.1291,293.39,225.5452,206.8452,436.2,401.74,492.58,279.61037,253.143348,228.2584,206.8452,235.05,212.36764,470.871109,264.8399145,208.95444,188.8452,318.96764,236.8,206.8452,245.72647,500.9399145,259.4291,388.31037,236.24,260.1291,415.08774,395.65764,211.20774,235.05,208.95444,343.914629,554.8582,355.083488295,355.083488295,381.5,219.29,299.4238145,207.5452,291.29,418.2,209.5584,365.593021479,292.235,281.0677,334.7238145,343.914629,245.72647,276.7291,264.8399145,264.8399145
evaluateNewton,177.05,329.863,322.45,276.2,374.923,435.64,247.763,305.4,210.59,262.074775,165.418,340.445,264.47,194.45,177.05,396.346089,367.8991,442.458,241.75,211.29,193.4,177.05,218.91727,176.7,407.77,229.04,176.7,161.05,272.0,218.262,177.05,211.15,437.27625,226.0689375,342.44,226.00908361,225.05,354.1,341.523,176.7,219.61727,176.0,291.29,490.2361,291.29,291.29,342.503,196.34,261.04,177.4,267.346685,379.753,177.4,292.235,297.386535119,245.74,293.04,292.69,212.69,241.05,227.99,229.04
sumOfPowerOfDeviations,169.69,317.4433623,305.18,269.91637,348.5,426.65807,230.88,292.4291,205.2452,256.0433623,152.24,330.26637,253.2986,198.0676356,180.144108,367.98,341.41,412.84,238.202189,207.06755725,192.1352,180.144108,195.7,173.8452,386.6452,230.8768756,173.8452,165.144108,263.8452,195.7,182.253348,213.0676356,425.1676356,223.77686065,330.26637,197.8,222.502189,341.522,328.5352,174.5452,195.7,173.8452,280.9452,475.98491,280.2452,280.2452,315.7,184.69,256.0433623,176.4352,245.74,350.39,176.4352,281.0677,245.74,261.420157938,287.9845323,280.9452,213.4176356,236.615639,227.4544356,230.8768756
mean_absolute_error,203.88,384.389520827,365.18,323.383359,416.45,513.753915,280.3761,349.4291,241.4291,311.198247527,182.94,393.96637,298.1255,230.6433623,210.502189,442.92,405.24,496.92,287.6934513,241.7791,224.6191,210.502189,234.7,204.7291,467.5190813,281.476491745,204.7291,192.502189,312.7291,235.4,212.443359,251.25035361,509.642673269,268.275189,396.433359,236.1,267.925189,411.5484,387.5291,207.61037,234.7,204.7291,334.31037,569.29857,333.61037,333.61037,378.7,218.8,312.966946569,206.6191,295.14,421.7,206.6191,334.7238145,293.04,287.9845323,367.431529365,334.31037,251.60035361,291.776533177,272.801499969,281.476491745
elementwise_min,200.8,371.71037,365.39,316.31037,416.24,506.2482,275.88,354.4922,256.21410492,298.31037,184.69,388.6022,295.28,226.2452,207.5452,438.79,401.39,495.513,280.31037,256.21410492,230.3584,207.5452,236.8,221.4668756,466.49774,264.42647,214.62444,189.5452,323.734108,244.836,207.5452,246.42647,501.01647,259.4291,389.01037,235.89,262.7191,419.414629,417.14822492,211.90774,238.2,211.54444,361.745320137,554.8582,343.914629,343.914629,384.09,221.88,299.01037,208.2452,294.58,418.2,210.9584,343.914629,292.69,280.9452,334.31037,390.634575224,246.42647,277.4291,264.42647,264.42647
dot_product,148.5125,278.30035361,268.3475,243.33157591,304.88,374.82674,198.64,254.4291,179.2452,225.60035361,134.13,289.586955,219.893,173.7176356,158.494108,320.5925,293.28,362.149775,212.88607261,178.5452,166.7352,158.494108,169.35,151.8452,337.42647,202.32462691,152.1952,145.966608,229.8452,170.05,158.494108,189.32462691,372.02462691,194.852189,301.537072137,171.2225,194.852189,301.5484,284.6452,156.953359,169.35,152.1952,246.42647,415.69924,246.8399145,247.953359,274.4,159.6225,225.60035361,153.7352,218.4811,309.9361,153.7352,245.72647,212.69,213.4176356,251.60035361,246.42647,200.15591257,208.505639,199.79335691,202.32462691
geometric_mean,171.33325,314.837508,306.08825,268.9971125,349.83,431.29284,228.99,292.4291,203.91037,253.505639,154.48,326.79682,245.53,191.615639,176.615639,369.48325,335.04,411.9125,240.537508,201.7291,187.4291,176.615639,195.35,171.7291,383.1291,221.965639,172.0791,164.012497394,261.7291,196.05,176.615639,206.615639,417.665639,223.505639,330.92682,195.8225,223.505639,341.522,323.1291,173.1291,195.35,172.0791,277.4291,477.266588959,277.0791,277.4291,316.4,181.5225,254.487508,172.4291,245.88,351.44,172.4291,276.7291,241.05,236.615639,291.776533177,277.4291,208.505639,261.770005538,221.079089,221.965639
distanceInf,157.99,299.606428527,284.69,252.392189,323.4,395.98937,215.18,273.4291,191.5452,241.716428527,141.89,306.79327,233.653,183.3544356,167.130908,341.18,314.09,383.18,223.1103623,191.8952,178.7352,167.130908,182.7,162.8452,369.6351813,219.285673269,162.8452,153.130908,246.8452,182.0,167.830908,199.79335691,401.985673269,207.079089,309.092189,183.4,206.729089,323.5484,305.6452,165.72647,182.7,162.8452,264.42647,440.08937,263.72647,263.72647,294.7,170.1,244.101499969,164.7352,227.99,326.9,164.7352,264.8399145,227.99,227.4544356,272.801499969,264.42647,199.79335691,221.079089,228.695087487,219.285673269
manhattanDistance,158.69,301.665247527,285.88,254.683359,324.1,400.173445,217.7861,273.4291,191.5452,243.775247527,142.24,309.26637,234.8255,185.3676356,169.144108,342.93,315.14,385.63,225.0515323,191.8952,178.7352,169.144108,182.7,162.8452,369.6351813,228.695087487,162.8452,155.144108,246.8452,182.7,171.253348,201.97462691,404.366946569,208.852189,311.733359,184.1,208.502189,323.5484,305.6452,165.72647,182.7,162.8452,264.42647,443.98557,263.72647,263.72647,294.7,170.8,246.242673269,164.7352,229.74,328.3,164.7352,264.8399145,229.04,230.8768756,281.476491745,264.42647,202.32462691,221.965639,219.285673269,228.695087487
